   4.43170008891498        1.30259834664944        1.50062793730111     
  0.640603347557797        1.05393637769013        2.37147733545005     
   11.0685615908594     
   4.50451521391478        1.05503703288658        1.54379909283629     
  0.631691796651191        1.15102178195010        2.34211225616814     
   10.9366634584722     
   4.30296394066166        1.14203661943098        1.43212445860245     
  0.654372081433730        1.06484037205173        2.27263081736546     
   10.2505160588027     
   4.61821437740345        1.16551624368406        1.52547546260280     
  0.664503113719410       0.997803923869546        2.38017117792182     
   11.0870232539615     
   4.61444755301257        1.30898963846496        1.53472826513839     
  0.714800792286312       0.968638056114868        2.31313109862835     
   10.7110006595565     
   4.34293001688849        1.03062143432481        1.59300905088883     
  0.822381018256679        1.02093896909423        2.31768358855900     
   9.30642742227312     
   4.56377180956247        1.31228587951689        1.58603230568037     
  0.634974133761951        1.09706543627855        2.22638765509288     
   11.1695597937904     
   4.36249556321905       0.994830506577449        1.73501844275374     
  0.643274264623951        1.08613802265587        2.24927238417019     
   10.6259212882662     
   4.71976612847650        1.10273465977302        1.74145280537536     
  0.766566251524301        1.11004107496120        2.25720005236209     
   10.2865153141833     
   4.57687069476474       0.965694556566175        1.35878538797256     
  0.767902381392292        1.05639406827170        2.23913763466772     
   9.42946567283446     
   4.32081630271231        1.00946567535700        1.53000109704847     
  0.816702803592614       0.946017791431416        2.21424028130474     
   9.08491470185283     
   4.38964907846201       0.931373479207698        1.62742353566269     
  0.658263720783097        1.02472806857930        2.27941697297823     
   10.4089305303467     
   4.60139681718161       0.919761366630536        1.65992075422173     
  0.746105082914069        1.13578264529077        2.40275521839321     
   10.2579854557834     
   4.42778433241878       0.985342429094067        1.36924450495515     
  0.784197344238727        1.08020490620115        2.29642694012691     
   9.21680732923309     
   4.63346721204309       0.947330678621412        1.57530879463889     
  0.726797334258108        1.04795978110525        2.25224863366917     
   10.0947936909259     
   4.37241076928202        1.26598334140201        1.40853979718831     
  0.693187062275921        1.08871489878610        2.29030227536255     
   10.1442242648130     
   4.71463442820585        1.06307241157048        1.63092821608914     
  0.740998124619474        1.14789938386758        2.40412687083221     
   10.5756420467118     
   4.53016996044204        1.19264616209341        1.39344182292964     
  0.639735577286058        1.04131980361664        2.26656346005517     
   10.7857109074367     
   4.54836025675347       0.981528344786515        1.68463199431300     
  0.775162400311606        1.02961908833076        2.32584519922702     
   9.95768489190220     
   4.55659893140918        1.24223000868517        1.57141385994019     
  0.789952843356752        1.14162382162378        2.25060553134211     
   9.80158655948766     
   4.48293244400090       0.926523723284244        1.71601517455234     
  0.743297176084650        1.07309845618308        2.23343035418297     
   9.85560448775611     
   4.43813571700192        1.04205641874264        1.49459557517622     
  0.730557030788516       0.977908526588117        2.38731246087274     
   10.0901841128323     
   4.28775932921644        1.28578327633929        1.54717457340730     
  0.679047778027251        1.07655376439922        2.30040768483311     
   10.3631826496674     
   4.40645267550834        1.00129318668590        1.51739784238209     
  0.736105399493319        1.13875580749723        2.29804792108219     
   9.69693372568655     
   4.35516666123700        1.33528495306591        1.44380807511010     
  0.709951923627155        1.00656580092435        2.21159268471903     
   10.0631119120485     
   4.58041051440440        1.22061678927312        1.65451810278172     
  0.649815296842337        1.13066303181898        2.36445023525703     
   11.2790374524418     
   4.46277927052089       0.924930779024380        1.50973889560590     
  0.711045286622741        1.11699332158711        2.30417655277882     
   9.89945510151647     
   4.66482046349973        1.19979938940107        1.33953246290416     
  0.734916601510017        1.11284955068347        2.21614646816765     
   9.97133345564924     
   4.39257943363447        1.03439113005137        1.70501804570886     
  0.666470932212229       0.992436061187600        2.33728102588673     
   10.7074699021198     
   4.45366191296980        1.07491909735552        1.55156538827321     
  0.701470237813911       0.957065685884228        2.37158003571518     
   10.4449243617949     
   4.49367781798451        1.21775129507352        1.32632329281086     
  0.753854908273105        1.09092418836002        2.36774625324794     
   9.83590100152176     
   4.59635054534794        1.14492691144123        1.64492485694525     
  0.669390339839836        1.11887615010090        2.40084024095308     
   11.1175828148683     
   4.32759362433085        1.06765405775732        1.62248469436770     
  0.684309014301803       0.942689445036184        2.24291263364749     
   10.2389039950216     
   4.32823637961477        1.13923076655366        1.39924368112815     
  0.715896957572304       0.960679542021371        2.20296985833075     
   9.71940812939512     
   4.67388157519261        1.17183265112038        1.57860559426983     
  0.722700960012264        1.14390619224915        2.33036164443404     
   10.5308554506954     
   4.52375508309602       0.974206559633979        1.59642262111793     
  0.780943911926646        1.01072473762237        2.20675773360185     
   9.56049733242934     
   4.29958812978380       0.959986948256323        1.66326428717877     
  0.625299501815909        1.00480919711466        2.31609023173140     
   10.7460849947257     
   4.45774666915471        1.35490709707509        1.34614576923250     
  0.738834691171787       0.963860821482632        2.27504338501559     
   10.0353713509132     
   4.48367501661069        1.08499114982656        1.64057179297133     
  0.761277643994422       0.950275581961344        2.39417045987227     
   10.2466209129193     
   4.46855356567399        1.22909431815163        1.48910991423416     
  0.729507862971905        1.06431408521266        2.33366632517215     
   10.1700677188607     
   4.67947053063071        1.11033007151609        1.37467112011913     
  0.763269520771841        1.10853341174952        2.34678978635823     
   9.93578829744057     
   4.38590055990319        1.27177972421957        1.33400128426142     
  0.808858959956629        1.02686595183763        2.25581126455580     
   9.27094215271398     
   4.70183111482580        1.35252128374255        1.69964145425193     
  0.646515478583854        1.04608413404935        2.22285976434366     
   11.5061756228649     
   4.63238198475435        1.19734075830217        1.70683562879307     
  0.692630168942843        1.14520098189246        2.38447359145415     
   11.0540834988504     
   4.47585287412203        1.20860682478728        1.31218428142248     
  0.758696615524480        1.07033168691078        2.34971101079309     
   9.72716931978762     
   4.64287618991782        1.04845766914001        1.43377473988965     
  0.699154333116800        1.00978855244592        2.33650496310253     
   10.4413948531856     
   4.60731619919206       0.957312986815733        1.41532448180737     
  0.826086808640632       0.973321550811218        2.36340900814234     
   9.44010926859494     
   4.30948063974097        1.09220859603085        1.46826546701828     
  0.689725299617474        1.04452501296938        2.26753826744043     
   9.95003014690775     
   4.36580437572626       0.995212670629546        1.35633247766726     
  0.621270684302782        1.06863189397123        2.26095138558360     
   10.3947285048907     
   4.27919222112733        1.18290873609728        1.48429474132975     
  0.702887156512004        1.05978169596349        2.32130233271981     
   10.0055038273572     
   4.68692416650067        1.08710962384162        1.67106011613150     
  0.686916643873849        1.08387589109461        2.35653601995878     
   10.9849190906282     
   4.68237290921562        1.29500137212797        1.46350012277204     
  0.629843194861382       0.988973968401950        2.21922252370947     
   11.3356768294521     
   4.53403457712840        1.25840053427265        1.61162030296689     
  0.676715761221793       0.996349412862782        2.22769433607509     
   10.7742950292109     
   4.29383004595487        1.27954727199514        1.31927455049142     
  0.662207470001152       0.954787766782737        2.27685760860670     
   10.2849223230320     
   4.34591747036370        1.34276817375343        1.50528412593069     
  0.656320066213819        1.03862177846947        2.31015118762551     
   10.7175087864116     
   4.44354522253869        1.02324974336567        1.42536138952468     
  0.636973269760642       0.970217874033881        2.39009541065642     
   10.7991109249078     
   4.35353317143888        1.24663307035979        1.47821632832034     
  0.627711600787729        1.12372058291379        2.24127421337233     
   10.6820034445940     
   4.66741890935863        1.25199557338414        1.44152980920887     
  0.725010276638925        1.09306177575942        2.39682878111739     
   10.5749544992490     
   4.49501612454366       0.945655332253110        1.42084596059493     
  0.792465856730526        1.09651163545560        2.35158926101535     
   9.37563421235106     
   4.65355459576550        1.29236550404997        1.68025944976583     
  0.779944963390607        1.00122602617433        2.39358346702873     
   10.6222507431783     
   4.64714042405848        1.15915146393805        1.36777194224726     
  0.800571787316595       0.975312640319273        2.26186803660418     
   9.64973298141553     
   4.41022797177065        1.23792216065843        1.75273308091762     
  0.770932256115529        1.03085799365005        2.35858530668059     
   10.2571440039476     
   4.31371379764133        1.34416479589967        1.73209071289562     
  0.671473364155487       0.947648000342752        2.29355815757013     
   10.8984625031472     
   4.69641777756186        1.32663529459100        1.40295422507300     
  0.799580284711973       0.959646796758256        2.20770755656158     
   9.91446436597747     
   4.53970830405436       0.938663946027621        1.64886053107358     
  0.757189045585437        1.05035618609858        2.23021557866842     
   9.77731431471927     
   4.38072991936096       0.970280067935454        1.72650262515913     
  0.696127124939103        1.01806797041625        2.30470756630271     
   10.2966437214886     
   4.50423266462339        1.27815525814193        1.38396363765584     
  0.719426906141050        1.03273130283050        2.30703141991847     
   10.1915971364670     
   4.28451514773356       0.913262774959199        1.47048638444689     
  0.674445403001087        1.10618864982179        2.28611718763150     
   9.83062169370366     
   4.57256592321078        1.11886935076864        1.60114884044376     
  0.819260591071971       0.985600175057507        2.32233975107271     
   9.79194518022409     
   4.51159222488342        1.20930326287065        1.38790392443031     
  0.804151404942685        1.01371203432852        2.37653366844174     
   9.69267686247103     
   4.62307300649192        1.10170681780984        1.56095763024634     
  0.774559710038939        1.01663565053692        2.34132623826357     
   10.0810700977304     
   4.71092664259815        1.32111182806503        1.45673413884502     
  0.681220666252953       0.980448254170782        2.28414364427001     
   10.9974472894730     
   4.65627439616566        1.17004775823188        1.74572844040361     
  0.748536511859031        1.07848172502484        2.40650538049087     
   10.7725145875495     
   4.59275431859075        1.01836892871660        1.71759759242155     
  0.828465745527104        1.10379922962488        2.22177554486937     
   9.53223031033979     
   4.42152480339025        1.15228126389980        1.56172127112649     
  0.796730797392157        1.12128069925554        2.23612795644232     
   9.44780759243901     
   4.51527711450436        1.13118440219073        1.60553212176485     
  0.705330458296920        1.13358781107860        2.37477968451746     
   10.5275543741580     
   4.41751286419838        1.11337251526037        1.61664165864790     
  0.651479185946552        1.05796675955742        2.20110314966484     
   10.5641730385564     
   4.70447226082608        1.07934601802272        1.52034233817196     
  0.750761428525907        1.12599495224456        2.38248894297470     
   10.3006940258155     
   4.56319423770024        1.32814980512205        1.67837738482273     
  0.810260985217509        1.10066315415929        2.34447269524965     
   10.1347134233860     
   4.39988813604810        1.23589958091675        1.30554930383316     
  0.785542147969773        1.12719041376282        2.28815652733703     
   9.32237337913672     
   4.54280909490268        1.01495279465292        1.34827782356717     
  0.814166290215127       0.984365479885250        2.35914891248324     
   9.37834373098532     
   4.33322170512869        1.12838748586408        1.45258042150718     
  0.805103351701863       0.966781858985587        2.27148975013922     
   9.28209357305253     
   4.44617605873321        1.04488552983964        1.69491543004982     
  0.824112854444144        1.03530749849832        2.32856958216631     
   9.60627679105248     
   4.58785423316547        1.17751062426610        1.32118972163456     
  0.794412627726323       0.990490759301740        2.24685667479201     
   9.53224629090317     
