  0.330891244088636       0.473354657861500       0.451345876589274     
  0.848227607185064       0.886144062101320       9.475318643218492E-002
  0.164139469461377       4.673476548233871E-002  0.770147903656058     
  0.536394046518145       0.548251746766168       0.891804449791042     
  0.942063272085256       0.346203503122227       0.625816765241662     
  4.973986275452267E-002  0.842107941783810       0.182387652947047     
  0.632413996386609       0.892277060607597       0.352373417334524     
  0.977873359383648       0.433177642199017       0.764283131930355     
  0.482037276306611       0.500557647203326       0.965025232152464     
  0.242551252236230       0.666632490482607       0.556598366145130     
  0.600502980157784       0.247376546779882       0.179076866327295     
  0.308896438592216       0.342267578098368       0.748739851398726     
  0.778587601042980       0.657621838049462       0.619892410808849     
  0.497443471620122       0.116185181123677       0.320682568155541     
  9.681075471958001E-002  0.775232126248242       3.174857068953559E-002
  0.657427628014121       0.224339248711746       0.461923052883740     
