  0.715167471504979       1.212548030808150E-002  0.460069280634135     
  6.969359763546905E-002  0.217947548681830       0.184399626838665     
  0.940295476798695       4.445071143202758E-002  0.154528285774409     
  0.771078569241189       0.858107055342844       0.731899014513994     
  0.467513255363111       0.880279154367596       0.251736942819106     
  0.195282903333653       0.501747460873588       0.242797962245895     
  0.494756346693037       0.469574903937688       5.535148254350986E-002
  0.369918887406895       0.820410498088737       0.367367113516852     
  0.301740665362004       0.164241395500781       0.889076893130542     
  0.655362740743325       0.480134194253270       0.315342857497094     
  0.556583677828702       0.765402819257535       0.842405967270226     
  0.251873272832791       0.625183275062666       0.442091926124485     
  0.959096502376751       8.030397839830386E-002  0.539002389373451     
  0.434915454119347       0.543964944997251       0.988158212013853     
  0.699037392656930       0.568830585615568       0.950069328502315     
  0.396458406347794       0.385652457554566       0.565204138466381     
  0.501435506402642       0.410854129043698       0.635955217950844     
  0.976556110475855       0.700346847064936       0.699348109551514     
  0.803548769072232       0.579458620692116       0.718677253889181     
  0.344161800151686       0.836037976345879       0.808606132030315     
  0.627375166386881       0.965268454986409       9.326104113887580E-002
  0.619421466413056       0.991922970123126       0.513318437285167     
  9.158602146883772E-002  0.274358874383195       1.797546360918222E-002
  1.126284146913614E-002  0.799601779969788       0.788616895471734     
  0.544576581761873       0.282115974047365       0.859162205508036     
  0.873609689167204       0.698175820380239       0.114187981694741     
  0.133045854143395       0.616013151239230       0.482408356099189     
  0.876670595177673       0.108032891949230       0.587240965634516     
  0.777693152638333       0.433814997834999       0.908909430172248     
  0.738816394848866       0.928668620648446       4.079291286831849E-002
  0.212148237140277       5.850724168473059E-002  0.656486591839116     
  0.275421627413190       0.656211002813888       0.420149045771856     
  0.836291933855979       0.913324298528868       0.620012305464011     
  0.908532327452006       0.341485386499957       0.946817951379039     
  0.402827493440130       0.194890919394156       0.344308846859317     
  0.246682250776433       0.231682275226770       0.773789181674874     
  0.588588818738725       0.133999742256934       0.299776430706013     
  0.112276553810055       0.733668120267189       0.392470897939285     
  3.203989648318006E-002  0.310097338333238       0.208381681054566     
  0.169540199051763       0.355965375693184       0.145913491523146     
