  0.374689856884877       0.987495256268179       0.191082080503777     
  0.526865683873241       0.901819105219803       0.678176660660277     
  1.480561728455482E-002  0.887534005625836       1.414607513145438E-002
  0.481548858161464       0.859415716551340       0.819897623798451     
  0.942771606735857       0.341175412184049       0.710227593484936     
  0.713087691677602       0.511852842293133       0.271744133706246     
  0.410013459207293       0.335152577935538       0.140401797176049     
  3.626259793106576E-002  5.357756561737775E-002  0.170321867826167     
  0.424780325981125       0.795091649911934       5.443371133520093E-002
  0.567864380289541       0.513859618043536       0.518680174565331     
  0.416272098958825       0.455360071860235       7.929117444799329E-002
  0.451401432140732       0.683838554679270       0.512455826058901     
  7.802434558390653E-002  0.524822993590250       0.134864186156907     
  0.411012847675625       0.365064685413980       0.709354286721623     
  2.422384939151405E-002  0.828624700797034       4.332912144758490E-002
  0.664359456984845       0.758834420117538       0.457973122758956     
  0.761189104496479       0.676298676752752       0.773020360454288     
  0.634631639585391       0.756289393159393       0.873321829561837     
  0.462422130948945       0.247098278832680       5.579109012397981E-003
  0.865871274716964       0.565354640801169       0.377132304618524     
  1.208819270230243E-002  0.628391390127329       0.820466124478737     
  0.286609407518029       0.179733660480576       0.965024676748546     
  0.371016652521470       6.933196720878493E-002  0.543201734433980     
  0.856216918219792       0.995536459978083       0.967361161088680     
  0.524497977716556       5.046811639572352E-002  0.862979203633787     
  0.773458807050379       0.814616185247236       0.591415370446796     
  4.178149433484191E-003  0.289060834769026       0.786713569245847     
  0.319789145142146       0.520892117259721       0.563369195368967     
  0.484062292067901       0.471640440067807       0.347339268214759     
  0.603305261850827       0.286195738150360       0.812733234199372     
  0.396847547765466       0.125161934111249       0.833461839706867     
  0.661059737199487       0.113199664963323       0.576514808629729     
  1.673529560990981E-002  6.805518039315614E-002  0.312187572482292     
  0.140526922668041       0.799149992100285       0.793912449666912     
  0.922494268196055       0.301035916626083       0.553197376796248     
  0.983608329427054       0.578202945130067       0.617493933679079     
  0.518308429183407       0.522555497397823       0.162121339081433     
  0.388526014078010       1.166070758652891E-002  0.325305249780990     
  0.264531191734565       0.433101909076352       0.275726894209110     
  0.835290038064265       0.360083837258595       0.607714022801582     
  9.716805448680085E-002  0.219976324345635       0.444291926600587     
  0.698241176406578       0.100481377125340       0.178152655269874     
  0.139206047088278       0.165892801716079       0.857267520196477     
  0.746594723044080       0.723838679348352       0.954534265366607     
  0.238414366050046       0.296032729286230       0.492830989916584     
  0.688938774483715       0.313826664927145       0.140731351802763     
  0.985012108160299       0.350652542948948       0.965209434873673     
  0.517792272361992       0.608566956035272       0.693258320694467     
  0.310406613546522       3.003629260687468E-003  0.465448113114476     
  0.575197779479832       2.530627655747632E-002  0.533072102740395     
  0.701572924797585       0.184377937307569       0.907865687465549     
  0.956222575916847       0.358304388546643       0.838068854940608     
  0.388528026783618       0.620944710193054       0.962894948413783     
  0.318547721449619       0.379001161597093       5.419736984260871E-002
  0.338165200277748       0.398696597291247       0.632540848466026     
  0.857744881604115       0.839189629383571       7.099708240513133E-003
  0.549663925321419       0.298472579702023       0.387849693719647     
  0.108701311377343       0.988672479219042       2.241544799720370E-002
  0.423021450341184       0.857218481228896       0.954088062289255     
  0.190559368008516       0.270739187326404       0.841196394639964     
  0.216753980926540       0.306728299827728       0.722348611306646     
  0.624155262058433       0.863521396374953       0.999709476411674     
  0.969871718151879       0.915868539696415       0.477395945899908     
  0.417965606867783       0.125537446698533       0.645741481422876     
  0.960157455559638       0.447784774281552       0.262710359870301     
  0.600335580367911       0.655485711387835       0.615173512822871     
  0.435403210446650       0.804415635907355       0.125399293243388     
  0.373432577109526       9.597034360134962E-002  0.483134776692896     
  0.443186550105260       0.649306982430395       0.669254876371736     
  0.500371100622870       0.254517289484802       0.765239498485274     
  0.755395238438794       0.247691804384621       0.207183370427689     
  0.777564359387019       0.955417706292127       0.263584376171570     
  0.865867679467013       0.815680101913577       0.716621063914493     
  0.174188218843570       0.707770604745833       0.753086507542439     
  0.990469755880805       0.209282386527792       0.878792641532610     
  0.988536961359110       0.143411106625357       0.634456075919103     
  0.465663281279919       0.337641803074005       0.453640524486955     
  0.778804801047566       5.570714810591723E-002  0.465172735257219     
  0.795625615673344       0.452927123651223       0.481533148602290     
  0.793719778069474       5.099059794183387E-002  0.322447183147671     
  0.703532146046502       0.981881492298170       0.203819035395598     
  0.117357633458292       9.183675213773099E-002  0.238854782853500     
  0.955254795058790       0.622717246636615       0.941289799852588     
  0.251174105559073       0.240769370527882       5.614494326515015E-002
  0.574483410656243       0.789716603686328       0.500523266030159     
  0.816525465723254       0.744143795700432       8.044241098653429E-002
  0.928397185780975       5.267244326184520E-002  0.539770264590540     
  0.907788126995787       0.496202909737292       0.638458595198862     
  0.933406184704650       0.599087235424165       0.871217927075932     
  0.299812323532219       0.629923003148624       0.447419031408762     
  0.695841569205374       0.725832441911227       0.323986081393242     
  0.974293036519616       0.589723443929113       0.297851365187213     
  0.749729825737871       8.708346643510603E-003  1.978426209592651E-002
  0.124017166573684       0.427160213284950       2.598993978331395E-002
  0.585371654454928       0.956420134109509       0.214093046890189     
  0.423185270763772       0.415038014342210       0.410536987710763     
  4.853928292740346E-002  3.414636093580160E-002  0.614220037730258     
  0.824845728274153       0.282002288290910       0.335628646174063     
  0.109251971209982       0.421697772548290       0.781888420212779     
  0.379774152228573       0.662459306261687       6.541815427444798E-002
  6.216584232624401E-002  0.191129886021087       0.798678517014980     
  0.123700316219109       0.791655578757458       0.947204605937594     
  0.214169120271738       7.713721413980522E-002  0.327930709796878     
  0.581214696586994       0.667216939546972       0.851145328224799     
  0.947547266254090       0.357062810450811       0.638582414813496     
  0.456357918797897       0.246055347391830       0.801912427594610     
  0.445951553596301       0.590369534535563       0.673693389915466     
  0.845636475769347       0.659366472360177       0.806456298600207     
  0.376808912708635       0.738385988842993       0.929090025528947     
  0.759867303379554       0.769920007085477       0.737201051373604     
  0.694062561244048       0.791409722543042       0.916059065477856     
  0.342148852850158       0.209844800678126       0.871403770818283     
  0.759466829791605       0.468444876968930       0.266618249811353     
  0.655293663621301       0.952041188018530       0.911747573552063     
  0.528055928607266       0.176856742186436       0.360067438613848     
  0.513461626541246       0.991961314953324       0.853373453408402     
  0.488373056352475       0.643170689933486       0.610583640565602     
  7.098585153411206E-002  0.972391850400803       0.719060007315356     
  0.781196211531327       0.638833331428995       0.793532701298164     
  0.490159116493326       1.602016334670939E-002  0.977257234911830     
  0.786155778654324       0.931325137292721       0.242205956933758     
  0.585223286109648       0.441361560159551       0.279013830747283     
  0.477314700753271       0.133963431473638       0.998375330069636     
  0.571579170341311       0.280408269025789       0.428310512838696     
  0.244842227895100       0.542440397041508       0.287029623906006     
  0.164449259878337       0.783682279969665       0.436217853275247     
  0.225228996615379       7.432450693388046E-002  0.356888989408802     
  0.129663156303806       0.314746117140800       0.468221902283595     
  0.892793734974653       0.267226133423734       0.707054519434741     
  0.110572760942869       0.252276500120280       0.629321205570849     
  0.972398959136126       0.612481596043926       0.693879570294638     
  0.782107453452279       0.430185142609159       0.575311553741627     
  0.302163344588181       0.925803758401050       0.107747466698361     
  0.644255887767478       0.283596595467753       0.180331355907262     
  0.604570590719997       0.505196019639219       0.652148990368338     
  0.599181899726149       0.393694312480580       0.876717782528579     
  0.665537280548836       0.960454457683784       0.744271598750245     
  4.304584163204531E-002  0.636976528510840       0.183866196392058     
  0.175550375878421       0.908070292187838       0.272760196622745     
  5.479364328619871E-002  0.762133730416990       0.441543714171495     
  0.725167390164770       0.763591278013583       0.311577020605233     
  0.447715092122240       0.136369023320447       0.972823128874235     
  0.740707452879161       0.623847671017244       0.503556742541800     
  0.199934250947733       0.263698756852972       0.671660323846915     
  0.920160540264737       0.650663929708975       0.247219520124006     
  0.364003299657634       8.500642949629114E-002  0.311729561969706     
  0.171533563750884       0.475333286003129       0.644665202112240     
  0.272504966764135       0.334012926601908       0.105414693471358     
  0.307463104052912       0.683680713087065       0.552337616309380     
  0.817166881966389       0.760019303632307       0.261896030838649     
  0.146675531858329       0.240792473650757       0.774031599537960     
  6.664235240744071E-002  0.208721862899215       0.724685545380234     
  8.756870611846909E-002  0.518152267596233       0.415760101361942     
  8.420739013715590E-002  0.709778319934621       9.234215875366311E-002
  0.472005639517075       0.235161491212569       0.594309305752828     
  0.506939369287975       0.944223141403590       0.723233603042675     
  0.729735744951241       0.130611382697309       0.268406550972776     
  0.179979624923545       4.405185706585834E-002  0.660975863645453     
  0.247236825118578       0.899794709774278       0.935092677173399     
  8.898466270276302E-002  0.272418849798151       6.895933803154707E-002
  0.959319769711733       0.666353844882045       0.926434778686093     
  2.236890327002473E-002  0.612656177447621       6.149906015016445E-002
  0.318321927985682       0.385261410549857       0.317896805950283     
  0.811300117282620       0.674279124733432       0.124227755090084     
  0.769976990166992       0.850431875067586       0.577331893214141     
  0.792499741995877       0.766392252348967       0.505403608936594     
  0.719940404122000       0.101381404167390       0.795700679653116     
  0.905068488411422       0.426013802386444       0.697026826468636     
  0.490753031619717       0.460116985402803       0.738941977950650     
  0.307513302461663       0.704452901400949       0.353681983757148     
  0.936202432829645       0.933792713050743       0.626394845904601     
  0.264169711597268       0.532770990444699       0.154529578972475     
  0.256669520652931       0.244604434717858       0.339603690233793     
  0.964628531572196       0.346322119954889       0.392919506578333     
  0.644633615503289       0.535781923629416       0.702555094031866     
  0.337920610388055       4.063198754038175E-002  0.995766109713970     
  0.588128146305250       0.217742820603419       0.445846346112973     
  0.507889270192941       0.804195543715282       0.395767867930142     
  0.707850190467449       0.958347787380361       0.830015311756634     
  0.402106990568500       0.126407986260774       0.865794397600707     
  0.976246425135838       1.078631232345183E-002  0.507820885511218     
  0.269333343794466       0.874739370740491       0.308821428797369     
  0.480810115224542       0.776027411850908       0.995622787638061     
  9.979486812239852E-002  4.698498864464210E-002  0.226039513149332     
  0.842273247525439       0.778425265886147       0.701239452279862     
  0.652348535082031       0.583847009192344       9.847845518997032E-002
  0.905518780691152       0.464872321883636       8.861732588259862E-002
  0.914686268633619       0.338112067614157       0.451205902403009     
  0.661289934007559       0.997209136887336       9.139610929785227E-002
  0.589259782726692       0.173329914957405       0.586649307487032     
  0.338016104710219       0.343963667204218       0.803932779342843     
  0.579644479022050       0.305880690787804       0.886339506797662     
  0.570005200020921       0.749735654650819       0.752984321299480     
  0.472854162648997       0.129627214475705       0.653328844097036     
  0.910730085798505       0.809528670581947       0.821773795179411     
  0.836102119155965       6.602226553356927E-002  1.454940639181040E-002
  0.550075826068839       0.500747423162549       7.360415210083722E-002
  0.542126178453870       0.800502538524909       0.862825608343665     
  0.629170643810120       0.883369665051870       0.367365313082158     
  0.138490799463163       0.227117369537225       0.662380385180644     
  0.547200993404958       1.103383950635093E-003  0.868340781964831     
  0.188676101533892       0.909248860587038       0.669990874359419     
  3.566758743517151E-002  0.173145487874213       6.780819868760393E-002
  8.161943301120374E-002  0.597980840597451       0.684244407208214     
  0.407999167855562       0.387167084380653       0.392871534048275     
  0.963524905607285       0.780654588348117       0.969561473075291     
  0.427728434898860       0.193377663111086       0.106158463658588     
  0.246421876416055       0.328333035310772       0.233963691155199     
  0.691329156033426       0.229336289429821       0.583870139692777     
  0.136286449491371       0.679038755765511       0.553947722172967     
  0.447696883119453       9.787359053301713E-002  0.126866388405464     
  0.849689935318251       0.166272913258501       0.582699895781699     
  0.631990779193902       4.476942197786923E-002  0.407675645526142     
  0.926838133778203       0.932186470715661       0.537148404557717     
  0.326168769970402       0.668246612315985       0.747431501198268     
  0.420895363207162       0.455632366831330       0.515140164725924     
  0.368516894632473       0.737479862820953       0.736002546001256     
  0.240750376783824       0.203665525416842       5.122473983787719E-002
  0.682495708655582       0.309768719037741       4.240969098474655E-002
  0.820154034539716       0.927914253427871       0.453250075336018     
  0.591089661455124       0.630479915150387       0.282057334731479     
  0.559810890936012       0.726285935184470       6.925426845646880E-002
  5.844838715915963E-003  0.902124410430625       0.592386737705021     
  0.872596342762350       0.309141216899118       0.825537567101911     
  0.753251918407871       0.140680395110062       0.789138705229507     
  0.852923284042185       0.543575282387421       1.703314048896286E-002
  0.290706967582489       0.998733948333472       8.980698012840443E-003
  0.295920611775230       0.198342514601613       0.964087436418950     
  0.862004159101592       0.685755355935561       0.438591503439720     
  0.940103059273953       0.754547671857076       0.122305799994448     
  0.925330591976295       0.340267209005552       0.614541168963376     
  0.176402933402296       0.432720903795765       0.472151936032177     
  0.800306965986260       0.551934139189621       0.171998196258445     
  0.823149311631919       0.225944382710421       0.367112702958559     
  0.894891617065470       0.404696409296579       0.464160706663682     
  0.249052027757649       0.402002120704019       0.979865291557765     
  0.898169925926658       0.434932002046673       0.170425469928901     
  9.362100027643992E-002  0.399642674228835       0.343574260116762     
  0.860992668877918       0.140253637938188       0.167063572456381     
  0.385770694422559       0.649187670580005       0.509732640201002     
  0.610928689611414       0.888130924276402       0.994605131898176     
  0.669489731425824       0.235274677633533       0.374102906039150     
  0.516581538375971       0.361682408748509       0.330832766578358     
  0.235344645640135       0.294840321842557       2.849418120886452E-002
  7.877262984632528E-002  0.712910504777045       0.142022170178077     
  0.982697370777716       0.652717781047077       0.499322627048667     
  0.829208874986548       0.636853788686012       0.252328470033180     
  0.106615424521722       0.232507963278530       0.103488046555527     
  0.689752375675562       0.923055018241346       0.434595849722524     
  0.480678033468163       0.230386442675206       0.330741316873722     
  0.739606552063890       0.266643964699778       0.595303430441528     
  1.047040605069682E-002  0.523989662850749       0.483598412859496     
  0.429225301039897       0.349400425545631       0.524279240340499     
  0.828495447282035       0.949025437462591       0.755191596452369     
  0.263444101936376       0.720571194620811       0.365954307941965     
  0.311077709293768       0.594336958827751       0.926590146767584     
  0.938354579369378       0.616258469515275       3.452977256765760E-002
  0.875917244587032       0.190314638378305       0.664882437424936     
  0.580177366136615       0.856097144970024       0.484744688539816     
  0.550653585648833       0.982412940432876       0.405316277623539     
  0.195754564282077       1.757265523867391E-002  0.518266004230379     
  0.749099714804076       4.766047122845629E-003  0.248297066922535     
  0.442199984559437       0.581711835291417       0.839590244250812     
  0.366525761044533       0.952953993670125       0.100232339078390     
  0.626569063409521       0.397482410188405       0.740854172341105     
  0.243703972698273       0.616819233347592       0.381113366902473     
  0.598629676535522       0.570201371844580       2.416977538365134E-002
  0.992192950146982       0.221331063585766       0.929500387152597     
  0.364211628652421       0.731599450028503       0.899986301918959     
  0.686913121842520       0.732614259431381       0.598721160235649     
  0.966747525184715       0.358623296282466       0.257871592143807     
  0.155981665444399       0.535953502795048       0.901778176766889     
  0.766131970048757       0.591264430247573       0.102611066373382     
  0.514803506043909       0.696711952777611       0.545340732207919     
  0.137163468245793       0.450326790700669       0.974668728109316     
  0.681097509010223       0.311599858432003       3.692431382308337E-002
  0.670696522622119       0.604276068329795       0.512075238799126     
  0.465357744464694       0.818344478034885       0.636942425635707     
  8.455094950700870E-002  0.727404230074083       0.458062306582376     
  3.427788573356228E-002  0.825166143330064       0.181823850891336     
  0.564475032041992       0.601942475242899       0.665091492713850     
  8.699695339058044E-002  0.374513806727828       0.282509550507202     
  0.119958768020361       0.799562361503512       9.509899477966090E-002
  0.467319446147157       0.591644913328939       0.804682042599231     
  0.997014119016696       0.927943124580699       0.571662406606829     
  0.347455205367906       0.499867844328636       0.162518538744442     
  0.723441172319941       9.723768650437109E-002  0.425305936425167     
  0.658208048942806       0.940764395288488       1.098544029024951E-002
  0.151973659216709       0.202368509310300       0.504968737210011     
  0.343154773155040       0.701001137685045       0.318009245234342     
  4.509998078861054E-002  0.583726456502083       0.635756765024399     
  0.840367655112193       0.783263930580646       0.240908464300625     
  0.816805687595571       0.669125859422775       0.699664050830441     
  0.571084234552811       0.640690794780141       0.741416643839718     
  0.115096180789906       0.714985985308066       0.882273737610021     
  0.727015845186329       0.894949774777582       0.110961586399420     
  0.419129584295088       0.607550311381432       0.450898488980557     
  0.674357666413615       0.123245641065492       0.781382616329007     
  0.751399438094837       0.271892911892221       0.441380487490331     
  0.367394652204623       0.768060817901576       7.144216581337005E-002
  0.825117965925670       0.189884458688117       0.888996107936543     
  0.442395794212812       9.340456826856698E-002  0.361814158655806     
  0.807653313902018       0.154763839434877       0.143300376000021     
  0.498494288822377       0.369626509338590       0.362945482545474     
  0.260199132627377       0.111087477225569       0.230371813706333     
  0.879226524172444       5.798054943782760E-002  0.855677523659477     
  0.404917307016282       3.770592200008983E-002  0.978120582991722     
  2.447748113052026E-002  0.921951545168684       9.356871706662542E-002
  0.573750451363340       0.756764390609788       0.548828819770466     
  0.333501551722778       0.820572031491755       0.445142025118972     
  0.126217018096674       0.515303456670626       0.187402454728869     
  0.134389328688730       0.877942807088398       0.937730462301158     
  0.438946960353467       0.486148645061558       0.913532820074117     
  0.536209177190553       0.572853974358856       1.656116286444260E-004
  0.652991232900423       0.102658502371830       0.455630796642534     
  0.427164851596227       0.156747050555356       0.897720357059499     
  0.987937072230800       0.743354125501838       0.608227743276488     
  0.528708397704677       0.883392971336112       0.778898241939823     
  0.777420604072043       0.293263500300404       0.247966963182613     
  0.785373555955078       0.509478769901375       0.333228473376225     
  0.372378354210666       0.391554311152239       3.313116286971225E-002
  6.859303403813986E-002  0.993019067811004       0.389999655281270     
  0.391570648071365       0.105688489014887       0.959263876996081     
  0.412170699773289       0.550044128257755       0.881349171141681     
  0.451691660203649       0.780244397839468       0.350361627388141     
  1.247489942327797E-002  0.805949342415404       0.254566997634263     
  0.169828282331350       0.315213537043610       7.549056042432120E-002
  0.153729845633888       0.962026548183884       0.650386383846961     
  0.846798286551056       0.848678997533080       0.791277624486301     
  0.204182236620215       0.439719136167500       0.258239030499198     
  0.500706826893550       0.657435348932752       0.176844265777888     
  0.950374687071823       0.985712044807911       0.237671315275009     
  0.143925314803960       3.971903683307790E-002  0.852527310489737     
  0.361651330740360       0.809956136295041       0.625129162151512     
  0.495623053961947       0.993566340695073       0.559840734478306     
  0.947725278925239       0.389925568277728       0.117256853064500     
  0.510477462597585       0.674249967488287       0.302748186690219     
  0.256858134678588       0.898073664439719       0.557358026999093     
  0.873285307029718       0.645394052225895       0.164964179030811     
  0.693240973456655       0.569316334004758       0.223502631096050     
  0.553774297742438       8.545480836935654E-002  0.895814114299264     
  0.662945648247717       2.105418963307607E-002  0.220625595057236     
  0.679860253628166       0.655630932324038       0.824009504433183     
  0.627510100305404       0.419669926794325       0.109138033134090     
  3.985415829883867E-002  0.634317666111876       0.861074342017170     
  0.171779643611329       2.341201373103054E-002  0.628160981658462     
  0.990743292046688       0.757966724126053       0.412180569666064     
  0.131422556872629       0.880952874428061       0.358761592666799     
  0.822509428923509       0.539589530159228       0.354548663493875     
  0.959389549175407       0.170198607653677       0.915611761851074     
  0.237400489801217       0.750281006510352       0.582720676809171     
  5.777204067228351E-002  0.847046455422365       0.560690955988924     
  0.932889233409517       0.549066895933400       0.467367514253085     
  0.986592341531874       0.107395332906544       0.194802068782265     
  0.826488772616845       0.698272334883215       0.331526337936758     
  0.150341269844131       0.214788731933956       0.414560501451629     
  0.594420419194982       0.944084763724775       0.727447417878976     
  2.619846108525079E-002  0.163741423976479       0.744538373959812     
  0.604937792399838       0.158814399573711       0.384942769256553     
  6.277355505522023E-002  0.266398488596910       0.525498763096684     
  0.346619721371807       2.932792255420073E-002  0.149789562976396     
  0.685139813856968       0.140350231087944       4.580660556311288E-002
  0.166228525764889       0.235822940551322       0.982232565262573     
  3.056578137107225E-002  0.178238658974837       0.474000652123410     
  4.092777031270717E-002  0.480923750919951       0.818438654914787     
  0.604801791094792       0.797617582381311       0.528960238325215     
  0.853988027022263       0.368815047030914       0.300854106768875     
  0.103702930207467       0.977754703845499       0.799011246524661     
  0.638674926501938       0.860209736187250       0.395448655713924     
  0.149433712349357       0.518545627926276       0.777258436446563     
  0.773775432874043       0.459321814002482       0.269842298399054     
  0.194308219162149       0.734463796689686       0.151588977386146     
  0.762747935166132       0.409823179740715       0.646652050744882     
  0.764429935715443       0.397316678843787       0.891657216075763     
  0.875974909362302       0.552943807230785       0.145302584779564     
  0.671548617189977       0.301421329371908       0.449497253067148     
  3.173022555175111E-002  0.919425271162254       0.474351914001054     
  5.332339776474867E-002  0.659711326339493       0.197951348837868     
  2.799608706615554E-002  0.325770519574849       0.542142425726545     
  0.396822423443098       0.720642740398727       0.496891346919323     
  8.975913200174815E-002  0.948932020042988       0.749653949430831     
  0.653994619084213       0.561585501874983       0.462391484057776     
  0.731731554857289       0.259984673196197       0.526785228635607     
  0.232801045032449       9.848239562132872E-002  0.649386845188324     
  0.562242487148477       0.488592885076717       9.838529822913901E-002
  1.573529058484162E-002  0.484099398914021       0.718516605545510     
  0.414243409511978       0.697286151495632       0.511707337819099     
  4.636219405238583E-002  0.149073739104307       0.908589405034867     
  0.158031288935017       0.976443427000743       0.886655298957901     
  0.890347820398263       0.489475984528255       6.213042229046339E-002
  0.455682655422042       0.346582363611864       0.779895300562818     
  0.861531721325755       0.299062443800157       0.418864578875467     
  0.620294440987237       4.073760674257158E-002  0.966983227129225     
  0.706497466602591       0.723445331470188       0.623643828597879     
  0.881526816445862       0.412670808346771       0.565669789736819     
  0.405302143674789       0.914733640290982       0.231827246513402     
  0.887870672774017       0.496371122946810       0.121679917473583     
  0.265509695032496       0.892578085212328       0.487198818181811     
  0.418587791001375       0.723749082320263       0.493420597776959     
  0.919063459864514       0.555116260703799       0.610060992535603     
  0.331193838000309       0.369874177774800       0.653320171181057     
  0.968617561942639       0.258041268118496       0.573672974925484     
  0.727216223780755       0.180067766559307       0.156878945617037     
  0.750601666899912       0.666259935024522       0.207403860307805     
  0.668311179303578       0.894190658841256       0.633486606461237     
  0.305072730219874       0.268823196982658       0.134299241137602     
  0.327419128120896       0.579069812842185       0.685585270330707     
  0.252614900934429       0.835281213252900       0.974488657673303     
  0.199952995660570       0.752534915240811       0.655447974007505     
  0.408163814681693       0.104684476548693       0.257059991995955     
  0.281426640694403       0.863844261973389       0.837908668557556     
  0.147328594219182       0.853425927347536       0.733475954237542     
  0.313740627439564       0.232891940854049       0.883373401167686     
  0.282635424595045       0.546227597629705       0.811315251440771     
  0.943487283136468       0.210088030957584       5.675342533420508E-002
  0.829771646611622       0.844852410951744       0.551621442821014     
  8.124386565217455E-002  0.154298209372059       0.373867212799180     
  0.619683650213867       0.739232772484980       0.408732351365357     
  0.344221444927453       0.544766822651019       0.536245515866291     
  9.215676407066509E-002  0.716159537021800       0.167010351349298     
  0.277443944534716       0.595988297367423       0.261718498563768     
  9.540040382589927E-002  0.350481584198262       2.498937481397782E-003
  0.100375796078549       0.558647188284346       0.150424410813175     
  0.206491863937831       0.979699906333638       0.932975583290408     
  0.242195168697054       0.428531591574120       0.490215394559216     
  0.725423871333978       0.747278131410169       0.942056935108254     
  0.617057435762387       0.485221493076426       0.750136358624691     
  0.844243606842429       0.886887945849489       0.541384556306724     
  0.648608573074196       0.148586518113856       0.298922262444433     
  0.999919249558485       0.794753512459304       0.154999752673197     
  0.473811468412169       0.424562321396279       0.800750619024792     
  0.638065426734449       0.848474381394328       0.140366988155510     
  0.877921031899578       0.568935707926445       0.832320617006858     
  0.632293794629540       0.639880476179826       8.368421738006115E-002
  0.685449804405314       0.969109788445028       5.070527357610589E-002
  0.187996816067302       0.142591727352909       0.571117697475180     
  0.914386451511597       0.152023919443105       0.305913946618403     
  0.902963835649832       0.191542574605192       0.896570038609757     
  0.304995317400219       0.930299796347688       0.767129387941757     
  0.767947672007558       0.534622818974956       0.185972248694212     
  0.163442402831470       0.112962931407210       0.400765994668234     
  0.979856765493616       7.476613227140096E-002  0.907012375278795     
  0.662178675596538       0.115607209533023       0.378834294458028     
  0.519324319011513       0.575337467236809       0.211753217472196     
  0.272715036970695       0.381799194117293       0.903701242031188     
  0.100496293410553       0.787288040882405       0.172040342892374     
  0.950197796187711       0.703817434861208       0.211536724104579     
  0.212631923038192       6.676977863539542E-002  0.489185849808252     
  0.576741479420597       0.988199142172665       0.459626789346735     
  0.485682884487185       0.444907620420329       0.913244394925311     
  3.690176531499763E-002  0.965363448455133       0.721258074469624     
  0.629382435342499       0.467138311044242       0.277116939459112     
  0.698445840694706       0.951573424470994       0.601124279597307     
  0.182971754476951       0.522165149559261       7.821101393478837E-002
  0.641149318568864       0.439783180637672       0.160052907222080     
  0.237229876865017       0.567763881240537       0.218701679971067     
  0.713263854157696       0.766869359796152       0.233021205783168     
  0.813016662158398       0.290885344019240       0.728659085046891     
  8.930162942065344E-003  0.206663427442831       0.587405599539113     
  0.954374230515281       0.348072169823316       0.885147145078601     
  0.851153330782550       0.577939319065829       0.866387645841247     
  0.474835129236738       0.382291554201149       0.158543528134715     
  0.993554272861064       0.611849826650679       0.686687465219806     
  0.463540892290361       0.321770507517589       0.476791647105682     
  0.104759214620999       0.279084139068024       0.410989854895627     
  0.391300535070429       0.737396038903086       0.303879572390754     
  0.176215375337893       0.586172935788132       0.580300755917055     
  0.269045310389745       3.427346469984135E-002  0.584925553683361     
  0.820860923038036       0.429960362978543       0.336233270901381     
  0.944531722550440       0.448406925353192       0.917590281471903     
  0.557152549505593       0.760487248264429       0.986869754254674     
  0.692279954342961       0.970432507036648       0.494622603850059     
  0.131947159550253       9.013396206817369E-002  0.296150235523891     
  0.313478358025159       0.623431480460563       0.829245766657239     
  0.452577228651330       0.881500481603716       0.766056069887664     
  0.323620473104325       0.974796864360846       0.738362113584963     
  0.253577181172962       0.480975266522737       5.912850829632891E-002
  0.701196228245412       3.947074217778611E-002  0.590138260808153     
  0.188350641706487       0.941780638143160       0.918077033399521     
  0.452627169325429       0.260954259461870       0.784701785398104     
  0.433044684968555       0.692899558970367       0.470700347006249     
  0.300072947933945       0.651095919781595       0.940050044281860     
  0.736782173125426       0.491459043573861       0.696446421214080     
  0.642702592548813       0.159599960719577       0.204427580296774     
  0.155126577116966       0.973573918180273       0.946429917542756     
  0.142949160359217       0.689396956857343       5.719919255160880E-002
  0.502857795641733       0.442557143464080       0.195243189775476     
  8.442919345976310E-003  0.604177712050033       0.413495881605575     
  0.147638017690881       0.443624488355554       0.290385794520792     
  0.159669258500997       0.631473093160776       0.903853574875862     
  0.297401425898569       5.868055438021090E-002  0.547381846310480     
  0.525513340675399       0.470657706007450       8.131865421103446E-002
  0.659098412504207       0.865506040997243       0.449071894524598     
  0.612240542466004       0.503588678158343       0.839287991847759     
  5.749515041923060E-002  0.476697708407094       0.617997942873206     
  0.338701988330051       0.905389998812443       0.568040891103127     
  0.868612143940297       0.663147103243710       1.761634733700155E-002
  0.238127387514617       0.934948136531749       0.479923438139463     
  0.226207968206817       0.834792789563563       0.239854455732225     
  0.833192434391222       0.330473547686854       0.847034334967521     
  0.686845461517995       0.126699910378516       0.129075588304979     
  0.934292434304905       0.678439784168441       0.791782086440679     
  0.980719352994513       0.688250875021839       0.101984070806608     
  3.151479196270111E-002  0.627928711451376       0.502955381086866     
  0.385880066402369       0.275313635039143       0.712944715080236     
  0.228632327140378       0.912139079111193       0.982994689363055     
  0.493418881910464       0.420073628026884       0.438016830647339     
  0.285427010298595       0.492931193453734       0.246506031447924     
  0.219719698240460       0.284609105884225       0.496491739492538     
  0.717000185587537       0.325520757922412       0.579251498766968     
  0.121825470859792       0.910956883017521       0.622379937919161     
  0.591166789073871       0.841664117779186       3.946358655369792E-002
  0.482593502784604       0.607094781509721       0.630092798656348     
  0.459271584208160       0.705970372979673       0.631165875881511     
  0.613287016575884       0.122945216905198       0.891095590015153     
  0.375134836046927       0.741677718061252       0.595352131214838     
  0.348220925443566       3.311766986381078E-002  4.596233761322740E-002
  0.414998965689630       0.413121742250102       0.985650280267513     
  0.622903454364221       0.839629783941002       0.515198742345885     
  0.887616346250630       0.372836284257964       0.826641410532860     
  2.883369124926634E-002  0.286350126354109       8.573879856905536E-002
  0.220312388407012       7.133428675571760E-002  2.885349284026532E-002
  0.655467874271022       0.824668872168288       0.716749454897286     
  0.759359576822331       0.465357505374232       0.554939880875190     
  0.279515254649812       0.631163104601469       0.784278934950488     
  0.315931464409736       0.670735682816099       0.943625488526150     
  0.179551566894837       0.853537132310981       0.430821618454218     
  0.291074716845508       0.773668710720941       0.420728516832156     
  9.461337382245942E-002  0.143820846921586       0.907036600135363     
  0.328480308703427       0.935735374551630       0.127039542392114     
  0.974116692776431       0.308878973850012       0.118900381831177     
  0.742357904339498       9.015437497709346E-002  2.025565167584086E-002
  0.798303112791513       0.371770641548212       0.215860295717678     
  0.511679187997779       0.812675479931765       0.315309145500463     
  0.870892878037176       0.277743929681743       0.606847271268629     
  0.163541252019249       1.774359480411462E-002  0.705570331957924     
  0.275172601021014       0.975559495773800       0.691612023224281     
  0.902108403256235       0.749931207042965       0.987235884214936     
  0.856857742347866       0.409397852765440       0.680417188646901     
  0.431171624654152       0.693796773158801       0.113982192258144     
  0.436647071013435       0.706854287898367       0.197880066290517     
  0.615781276811177       3.284267127658454E-002  0.655848141610406     
  0.779703476007697       0.783350043037603       0.110750335424403     
  0.183538414397184       0.422490432947603       0.137335094670503     
  0.292987929032948       0.845125713956459       6.660176474541435E-002
  0.425368868895075       8.718274178021858E-002  0.293317080962307     
  0.202885161630929       0.765969706313005       0.378241030614384     
  0.157912854248577       0.549388720483939       0.923036876755011     
  6.710200765786839E-002  0.990949242265115       7.081106157403161E-002
  0.429436594605182       0.633368032281523       0.776025718142129     
  0.835823658561113       2.200998829679532E-002  5.960711440895354E-002
  0.350369339588339       0.404613793684382       0.764244816730410     
  0.357277055772166       0.119492352373771       0.388200442784598     
  0.733680937738700       0.184506645864582       1.263479008147743E-002
  0.636428743857254       0.117490155891013       0.849127595117273     
  0.946949146075570       0.150816094688299       0.710059757181665     
  0.715040866645099       0.847526251456891       0.951776851635672     
  0.331440950769556       0.278008188876808       0.433862762235412     
  4.660760960598209E-002  0.366565380855074       0.487354966126217     
  0.897107203413085       0.105059025549852       0.988587748187443     
  0.962666077527443       0.526260795159339       0.877296637167635     
  0.709339193947456       0.436566226143697       0.191902834404893     
  0.581145956794190       7.232710021208107E-002  0.919818972663474     
  0.563832676836110       0.435229464543524       8.950927287864209E-002
  0.205810125843345       0.446811360481756       7.842593664573115E-002
  0.788180538588460       0.718277251364086       0.601396891639391     
  0.124594573838783       0.572821332554775       0.219002921072001     
  0.714597770616186       0.528620820486983       0.727557784479144     
  0.544335842455816       0.186707677908785       0.815427792529559     
  0.359016460804155       0.239653734288024       0.430350408849065     
  0.809647013347957       0.874514042401223       0.642528092934089     
  0.737275784719449       0.153169323051940       0.692178670674645     
  0.487353339226529       0.528939209412935       0.674419849821885     
  0.877447114493995       2.633634417745143E-002  0.432632315974445     
  0.790429524580493       8.605450829061580E-002  0.729177861715296     
  0.932224730259732       0.446841352460237       0.675144107794452     
  0.356162483553936       0.968120840681386       0.532798040001528     
  0.667708143111127       0.581658419679831       0.132733988258171     
  0.913337282721722       0.226016952389920       0.589039259702579     
  0.115999364881331       0.897345273838406       0.312521609042228     
  0.247805943349010       0.785966438391084       0.392361631602206     
  0.522754133474407       0.924874546813908       0.679254601837329     
  0.400680343167295       0.880787182028123       5.137685278245680E-004
  0.495387972206205       0.118889254675100       0.491616890122033     
  0.541670470466843       0.673501681958605       0.649193361888935     
  0.899934584110645       0.595512850188010       0.421738948683117     
  0.207978089663013       0.873721061059156       0.180928506819573     
  0.533888483001148       0.355901681551338       9.746289836622918E-002
  5.203868128177398E-002  0.617968461362606       0.843985547228916     
  0.197067134127421       0.830038024820549       0.306551890806591     
  0.568878209345690       6.259678914018520E-002  0.776997039298904     
  0.959704233571917       0.699083160274779       0.760485930812188     
  6.463590354030066E-002  0.871377936849180       0.558287116447714     
  0.649053643371704       0.540674739505158       0.641801066066331     
  0.626106992619883       0.313270340515643       0.419661375845016     
  4.934605426181986E-002  0.367965910978974       0.867184044661524     
  0.508796392988342       0.251279714284993       0.234458113440023     
  7.818159898603498E-002  0.929256300964409       0.874143388604750     
  0.710024575584420       0.805777036633008       0.225607825558089     
  0.112419874342149       0.579697928483886       0.337456089854294     
  0.252089466839517       0.808940406146625       0.402628918301550     
  0.376542354675732       0.175941172522441       0.960216468384421     
  0.793859649800355       0.594739441252869       2.708703722021351E-002
  0.290212178191246       4.294437080886937E-004  0.291517470904967     
  0.184848481177845       0.290551043400528       2.326313235229677E-002
  0.434174100242326       0.827184211751413       0.296038262611807     
  0.186518395478460       4.614833749402644E-002  0.597751160965001     
  0.545055154466889       0.304094525926257       0.565079717352826     
  0.998006140517364       0.831774929576405       0.382333767457903     
  0.696743031715975       0.909554386970467       0.959095263942064     
  0.353489389961733       0.322193772323923       6.220109477828828E-002
  0.769657861245383       4.391336469588013E-003  0.645053456952993     
  0.586653278299463       0.167874305994039       0.194752319906290     
  0.608721570737780       7.900156995875871E-002  0.175355772800007     
  0.360219808476377       0.730127509549858       0.116526380987166     
  0.719153676975917       0.917481535334210       0.130663927282805     
  0.847654396426391       0.169719672514891       0.851742396151834     
  0.596801315284137       0.459783410416314       0.832911558238312     
  0.394107405046916       0.376155005988436       0.522547363518046     
  0.215896458066334       2.977886721319922E-002  0.287416455908716     
  0.341728053204789       0.327661840199169       0.255919601174461     
  0.609865960407966       0.945802205691480       8.694588787172813E-002
  0.840056880659657       6.016727635840888E-002  0.807403606855019     
  0.226720386512042       0.985766295300419       3.287079456075405E-002
  0.743136105740869       0.512366137301208       0.827658507773993     
  0.275250394080828       0.319363209425735       0.121348946199904     
  0.952814901309888       0.940050574186666       0.358921111178476     
  0.380992365377927       0.673175104323476       0.790310212404140     
  0.505284410909344       0.563333690366633       0.349020340127917     
  7.916109733573957E-002  0.332549794776182       0.365168449773064     
  0.284141772862725       6.600065992639381E-002  0.334856531141023     
  0.436753398488660       0.166781757090155       0.533754384283904     
  0.832681266433120       0.146900908231668       0.369433174245884     
  0.909606495075006       0.712896176245074       0.712317612331664     
  0.704997323935816       0.556421793973581       0.363359550912800     
  0.882553201894538       0.526986532786170       0.714967601501576     
  5.430910374738412E-002  0.221567505929632       0.293496002242721     
  0.762140433390589       0.831704156908207       0.346192723302387     
  7.072573161442822E-002  8.269120706871454E-002  0.708738265402298     
  0.558549710125356       0.999384204514078       0.201576734547755     
  0.677847435659792       0.136355300665920       0.949740903553808     
  0.804501887634607       7.651574586176749E-002  0.383510878852952     
  0.512803516549518       0.464014483167597       0.573937459306711     
  0.913225476721492       0.500140699014747       0.267340881726983     
  0.767274077118270       1.284717109558898E-002  0.157354758484820     
  0.294872973576311       0.457585483828432       0.748199185999793     
  0.775414127309449       0.679547461542881       0.759044902177115     
  0.399114517891466       0.553512419132052       0.893242908565354     
  0.470951977049210       0.416090913975824       0.570051844847537     
  6.055934604721413E-002  0.626085496252411       0.681183305861790     
  0.966068743957233       0.561419764711817       0.568499210589612     
  0.639976635494026       0.342745040100827       0.750202571687239     
  0.379284452704918       0.710556941753724       0.244803809812209     
  1.826513071965255E-002  0.418269928996670       0.992717585703618     
  0.717129945530127       0.963853389093171       0.874774372670089     
  0.710623435189825       0.472220457973108       0.540177208414451     
  0.257756430009589       0.717243823983634       0.473357657520232     
  0.538551426839848       9.237154732613401E-003  0.284532299720335     
  0.298033457420317       0.400283026788501       1.500708710298988E-002
  0.867164231068660       0.406002450034180       8.170924536820461E-003
  0.129271244580614       0.333021710770660       0.724112940590865     
  4.113633331670408E-002  3.793963032112579E-002  0.685871548396378     
  0.168950524146592       0.891131019554859       0.732859177607722     
  0.799782625859432       0.115652523420961       0.955018659976107     
  0.806221238552042       0.708093278145899       0.814198054666913     
  0.225164249967900       0.867199232535923       0.341475361508419     
  0.322261107371843       0.904678179914459       0.988609550738299     
  0.923644449784493       6.273932696376748E-002  0.250210396700537     
  0.192431599301694       0.919026967213310       0.322624020946395     
  0.404172291839126       0.888439709351851       0.769470679443061     
  0.159794227214686       0.574333194299773       3.001528522059330E-002
  0.730851798925736       0.620480791146217       0.386566542754568     
  5.681489270730888E-002  0.796568025318745       0.809755846649682     
  0.788089308778938       0.775418700501322       0.350074552966401     
  9.980649546633008E-002  0.980706295235565       0.690324165212866     
  0.621774554474511       0.212099327144870       0.460154563514776     
  0.790626447407280       0.283084978412476       0.683006639384759     
  0.126841815315190       0.146248466857860       0.215368041021841     
  0.858701574294141       0.259232180367998       0.847350046225764     
  0.918485241068081       0.557506290474125       0.604951169335228     
  0.223549639200559       0.770017351555329       0.290798346862507     
  0.169541870938108       0.474890665612852       0.842874445923656     
  0.153547950434271       0.107818067462152       0.554958575589309     
  0.678320095323107       0.463607432346917       0.288431686513442     
  0.635164854585373       0.945878884604554       0.893541834448259     
  0.863937335446695       0.247734503771803       0.116593326959559     
  1.425303698972811E-003  0.253080215973935       0.602849667735724     
  0.809082568695993       0.378566797550951       0.919760497064358     
  0.459841174662377       0.214427969787728       0.534841825211644     
  0.167398741942512       0.131690250457170       0.226578923200772     
  0.193479693713412       0.131364412941874       0.341318238206511     
  0.739703447492127       0.363277529548711       0.211962235724533     
  0.596545575192694       0.317878790631548       0.316581918530759     
  0.260127715886421       0.967343888305673       0.699295822274455     
  0.843863217142782       0.565024621695186       0.770876177081795     
  0.556997094084766       0.903492658814165       4.107544443905260E-002
  0.351947662480137       9.500730783723019E-002  0.520670120111627     
  4.922189412793421E-003  0.601116690653216       4.785183054582026E-002
  2.245854348585492E-002  0.937822822235020       0.955089669934210     
  0.841523175246869       0.487267428647171       0.338573126664716     
  0.555978462915439       2.388759157290979E-002  0.856368298845896     
  0.370482565537466       0.187006607707680       0.189016044774429     
  0.215740506568903       0.509703946916372       0.667712990110729     
  0.393336132317536       0.353389077456641       0.545045477018619     
  0.398312952468414       0.196616776007619       0.137939077657679     
  0.645613956485941       0.288796243227066       0.500760825306846     
  0.383887375342622       0.202440075568569       0.220649623156388     
  0.221861897646407       0.610364679824021       0.372905218550835     
  0.537974526801725       5.558817622596364E-002  0.755835438459180     
  0.871008981636515       0.615840469734897       0.822770089963783     
  0.533110053834864       0.160954020980094       0.430976089153316     
  0.593192461888178       0.392679597703275       0.270711546303238     
  0.890198613997929       0.735182994665854       8.417801884303952E-002
  0.488087907289248       0.194570029467785       0.229911100954770     
  0.530010226970423       0.682496112551335       0.663296029047639     
  0.445838764875577       0.938485266588834       0.508730890858643     
  0.458075169365617       0.895496984988203       0.499693538240526     
  0.347835550069277       0.205208892206890       0.371035043570102     
  9.847719230201961E-003  0.905921935054420       0.189773400832616     
  0.438756681205091       0.919660845411352       0.924072522567028     
  7.252186419642656E-002  0.827581508290819       0.183452557172631     
  0.993064824073839       0.454114543422220       0.520220117614024     
  0.329733455072947       0.262409845023580       0.660937924326671     
  0.383355352046376       0.960274155934961       0.808564358993488     
  0.320655602532260       0.362741502236166       0.936075111993161     
  0.217687557753420       0.237262609087215       0.522133985768541     
  0.534902237314226       0.498809036372410       0.983454888423822     
  0.977164115009877       0.386956644485597       0.348755955350656     
  0.404283493962037       0.238236216918091       0.342976405949470     
  2.109049566928380E-002  0.385085775287038       0.327055865190615     
  0.904587783555613       0.198002504391222       0.621121459510590     
  0.325103572608018       0.196149060318977       0.951735783248216     
  0.142592506861035       0.494757970272506       3.598904394711226E-002
  3.840062204641245E-003  0.870113924718237       7.569000667947863E-002
  0.316548529576469       0.547206371687500       0.236909238406995     
  0.942306427080718       0.409494645116225       0.767180358903650     
  0.288279450861148       0.821298477369447       0.971665145515651     
  0.565548518681977       0.964595708578199       0.438387332201524     
  0.467492528239030       2.065200744085620E-002  0.940386396035434     
  0.795382060529724       0.343407407399893       0.144939930316566     
  0.106445923625699       2.686048846475592E-002  0.528920074327372     
  7.200560890649810E-002  0.645915218113669       0.264932641895045     
  0.110447902426816       0.389467722985218       0.923974934734827     
  0.200649844406308       0.778023217987316       0.549102806792808     
  0.883610374023809       0.174496404259261       3.958523124407053E-002
  0.679077794536093       0.562415190641092       0.456588053753954     
  0.118127646970811       0.813447338396522       0.970886282319785     
  0.884302292372101       0.450204343382087       0.149228968140447     
  0.785648354003053       0.868940241236646       0.371461235968010     
  0.756723136855877       0.243923032448313       0.815077061728635     
  0.229980969460642       0.700063037758143       0.284707200094250     
  0.890999233708489       0.181073026412350       0.319224092917634     
  0.930629916739436       0.378523220205977       0.152483413848580     
  0.459835224759539       7.292634103664258E-002  0.399329666831749     
  0.232724927234574       0.535000099170355       0.979212743658394     
  3.871777193934770E-002  0.808728089894911       0.857519966533696     
  0.879280604492234       4.904771001758056E-002  0.226201714811452     
  0.303402508978622       0.273959246132629       0.704744198835056     
  0.733405415898973       0.642481314362899       0.960316074180877     
  0.721682690312481       0.856859275037623       0.159559346688926     
  0.499586918858870       0.212021927593236       0.991782568224935     
  0.549547510669210       0.686216511579793       0.849654086524840     
  0.833535738961322       0.162060869138176       0.222957490969504     
  0.330726104834829       0.690910122019329       0.424327462886319     
  0.287545675507926       0.321313319744236       0.658455487714868     
  0.477929675171781       0.835944588775176       0.164525873683093     
  0.268263501436222       0.520107800526139       0.406620120195818     
  0.971193470811204       0.880227354117466       0.786358991957403     
  0.918954354283857       0.782755824720256       0.561979180384857     
  1.044878194406965E-003  0.478759701337211       0.595101638163613     
  0.813451498425983       0.841431789226958       0.762656156931915     
  0.504124957181879       0.295252755622474       0.470851665448832     
  0.560286427812877       0.836938681195641       0.426315269645887     
  0.732917262142271       0.477349461223078       0.620607866783206     
  0.814944632652133       0.395081522887648       0.735498843298611     
  0.533281969749000       0.860013824922146       3.498845530210013E-002
  0.200631461173024       9.229803182304264E-002  0.943345035965357     
  0.208160811606550       0.483307847899382       0.772396835293799     
  0.674872697487779       0.983973232446325       2.400422564139202E-003
  0.806379719802092       0.254999646996911       4.503935516480694E-002
  0.804474297099103       0.435736773574424       0.174854416457170     
  0.923950715203429       0.538590886823239       0.833585113988894     
  0.235225632198803       0.954143941548405       0.423415491823927     
  0.353956138436402       0.823225314813920       0.379296525851901     
  0.949105128868254       0.532939891323957       0.206075848414484     
  0.893199654379336       0.505008936290997       0.355757612591311     
  0.112281842443449       0.504086816848206       0.676308112926386     
  0.937543534752116       0.318525576343907       0.880099584950056     
  0.647116423579753       0.772845055027119       0.910453953878185     
  7.514096138654699E-002  0.645075899400068       0.526581399795938     
  0.614302535142224       0.913982699192543       1.150759338549687E-002
  0.744138024876512       0.514450742717945       0.244062561154242     
  0.135089087759736       0.816749140446197       0.841455365139065     
  0.587307910192751       0.202204289216172       0.147560558515628     
  0.520869408019772       0.352803479307062       0.183179035988846     
  0.553094230020447       0.159393620066210       0.195545069465452     
  0.747378685166613       0.653790999881929       0.418629295082597     
  0.211866811431049       0.604762930972946       0.604553934690952     
  0.900704454300506       7.962073111462135E-002  0.252562454957146     
  0.702642580863596       8.153324324905552E-002  0.935599400374555     
  0.651668191140852       0.661818320562325       0.398132845873802     
  0.930523241348705       0.586362144534211       0.273884001915330     
  0.673002791486310       1.622797874813997E-002  0.280645363347441     
  0.618403063706351       0.409991758494343       0.392229714818535     
  0.907916511816203       0.417448345521078       0.120907496568583     
  0.800291714188763       0.957675491033031       0.611959813815742     
  1.948076228274265E-002  0.742438411548258       0.806580544117525     
  0.995697513659719       0.121025411679029       0.746686039314582     
  0.601266924535181       0.226668607594554       0.480157365802488     
  0.276207317395276       0.216951234045645       0.759405618610928     
  0.269391140106853       0.328811651618053       0.931037520007487     
  0.754478700509762       0.492247748259255       0.404041519680835     
  0.335463204745728       0.692190649591739       0.278551146865777     
  0.973519469428163       0.865047852014550       0.668678420119907     
  0.211034544289647       0.379200070837240       0.625792041875221     
  0.546484585751052       0.752105952082850       0.890111718964043     
  0.302823972677818       0.270352466811876       4.875256049471387E-002
  5.214700475534638E-002  0.337593801178459       0.700517773322443     
  0.895842129805020       0.747243041691222       0.131903283280669     
  0.356137496439776       1.282593184299660E-002  0.995073373610004     
  9.248515731471915E-002  0.256658849011160       0.319910670471335     
  0.850521712151705       0.789246009870553       0.400571217691939     
  5.994375217168944E-002  0.822418189396204       0.900543374395488     
  0.775558991302971       0.681497419208868       0.817122415593082     
  0.381785607099921       0.303937754310601       9.677917974111168E-002
  0.443776354388092       0.110457977261558       0.688343635240362     
  0.608793767214148       0.469931937742323       0.922435814993029     
  0.280140582438364       0.221985740599541       0.796239389743449     
  0.365893188701675       0.507982397919113       0.307314017307572     
  0.491816662016346       0.871485114126445       0.947804371407332     
  0.538251081905170       0.876828493950930       0.760022221844006     
  0.257876605153875       0.850313123214809       0.731403576527421     
  0.981171675574214       6.497833849691969E-003  0.112530151707201     
  0.470198059916262       0.134090442996829       0.207053553901583     
  0.183303756956317       0.801950656169988       0.872831172054281     
  0.494983489821168       6.045640075861708E-002  0.860985187847505     
  0.521957452614300       0.182297298341569       8.303252707343574E-002
  0.577989616734718       0.728822788999830       0.659004535257388     
  7.462037473152210E-002  0.406407513659728       0.201492048889305     
  0.119107509629515       4.842424417790452E-002  0.301128834468734     
