  0.443203246759800       0.730734387774877       0.827287926620983     
  8.364872272427665E-002  0.710131256875127       8.066980273132959E-002
  0.339587341999715       0.190950574475492       0.799611295493854     
  0.788844731959166       0.568891444710562       0.829279270278896     
  0.498028418053632       0.550352829063353       0.275376700303455     
  0.470552897621409       0.733511253446351       0.857409864808321     
  0.202907945204278       0.899045689253323       0.910963906316256     
  5.278841853410652E-002  0.581970007371367       0.368550214644312     
  0.535739810674440       0.719232614137545       5.846869563498013E-002
  0.768521735885655       0.479437704157826       0.384171817511252     
  0.553998005329918       0.577069623633732       0.564319922407807     
  0.526957887927417       0.826160450132544       7.879771617305225E-003
  0.228999389838367       0.535354893329822       0.751126388465298     
  9.793827455923805E-003  0.808447286624457       0.715083478520665     
  0.697506920695528       0.507311246907234       0.514544270590062     
  0.331048531309619       0.139022492045036       0.193737783246091     
  0.885720892606188       0.136079152044739       0.284841523796111     
  0.200522866880637       0.104595231373227       0.865208734232430     
  0.977708703090531       0.820403658579076       0.980299969554713     
  9.258557126405964E-002  0.134434645220833       0.932243865375659     
  0.368029986765233       0.452861171470976       0.234921643037631     
  0.163077190358591       0.383558420110683       9.764537196484045E-002
  0.741892329554555       0.606756532165147       0.441149774032723     
  0.552624073217006       0.662795373987867       0.911480900923306     
  0.907001874388367       0.364178961711563       0.612585501913898     
  0.708750943617425       0.947088711158024       0.533311342497691     
  0.474550466309973       0.184380915766719       0.837625909806338     
  0.816395092711587       0.898539862068432       0.601828599933776     
  0.656592037451899       2.100367734748841E-002  0.853666118937569     
  0.217799394930656       0.682080836801775       0.963040992303566     
  0.925706789017976       0.431424229648144       0.578365747820039     
  0.447287745505283       0.202862225786338       0.478767174025509     
  0.437336361200402       0.393456270319790       0.509790278936747     
  0.249662517577821       0.303047839036080       0.419655753780348     
  0.353889364312364       0.521916217624134       0.265456188540886     
  0.839837697323728       0.979792588976746       0.809015693727335     
  0.134022190774551       0.203012469563051       0.450732238398469     
  0.693845587057743       0.838328649643986       0.698193051570291     
  0.796674636308331       0.107956899144646       0.730540290690116     
  0.367543587238435       0.765805047098495       0.310379648215624     
  0.734421962371394       3.279440097602758E-002  0.357332299299993     
  0.108642148899556       0.534236111666171       0.455509465510608     
  0.304921578039928       0.449306730595164       0.594668620869722     
  0.567644175209468       0.275376396359680       0.705920172892753     
  0.662200213510358       0.373221115479749       0.428844295525371     
  0.502795604593720       0.632045999485786       3.725057353683803E-002
  0.581131327053462       0.643954538516155       0.461074895148987     
  0.777393075805307       0.779256215712109       0.284675149285112     
  0.455166171810498       0.854643127713337       0.732191342885426     
  0.681139348680105       0.488979383011802       0.939995944000534     
  0.757611526271259       0.784666528730527       2.323320873824746E-002
  0.438795173564649       0.562204565859531       0.714211774213516     
  0.319779185385978       0.735586473561715       0.599586887541914     
  0.634053533421336       0.239995546370886       4.300349748781863E-002
  0.278768785951290       0.829242107182002       0.405628444613426     
  0.865117167522635       0.789671666694532       0.783591802762961     
  0.481271202010094       2.447636193523574E-002  0.171078142431900     
  0.976615507103168       0.404559281365992       0.351238564297111     
  0.129854092914176       0.695643617527010       0.375816047338862     
  0.369685026182546       0.362365732844747       0.224883474921508     
  0.868453898577436       0.866803590561841       0.661736196403570     
  0.623616003000866       0.995157640583030       0.497515390861349     
  0.426101967147770       0.361994195196541       0.949062479511326     
  7.844815389685313E-002  0.971608137108197       0.294745638333091     
  0.775523760420468       0.822152958282325       0.583569339662333     
  3.764635488093730E-002  0.407246092972928       0.754229181276030     
  0.245698531183896       0.246198423102366       0.710605990760678     
  0.627048390388913       0.210084598201740       0.597706852844893     
  0.270689799684338       0.678325654802583       0.452505764357487     
  0.605868696852390       0.248984835334387       0.968599575836817     
  0.638225201944745       0.952613605416498       0.341762508771163     
  0.989949907030057       0.944079850369424       0.639975855119930     
  0.621207181736610       0.779247187670636       0.627484919135709     
  0.951182693912992       0.900045162097817       0.842054146237794     
  0.408865353878663       0.105102232825296       0.883083535106956     
  0.176346123680193       2.332509339491728E-002  0.904035821065824     
  0.430955023281263       0.596084241071023       0.812355496888553     
  0.152872124879768       0.352225645606479       0.183616086504554     
  0.787266766484026       0.911649205245552       0.479074303657896     
  0.964660000726957       0.159997137576020       0.618899219840877     
  0.485401441266864       6.438303901737372E-002  0.176821580820878     
  0.123965551629697       5.403410194882091E-002  0.118949775536567     
  0.695594803642910       0.663117721691678       0.245070764981078     
  0.887835768495317       0.544008597100588       0.230544114941755     
  0.707102926161671       0.406453236065106       0.690061323604771     
  0.962903958758275       0.967967662141360       0.594225544218417     
  0.219356193863441       0.438109976313050       0.491618211244002     
  0.253025330573882       0.686069041679675       0.440388349982160     
  0.767169314970972       0.516752848988516       0.329657333452152     
  0.697921434110314       0.667145416426249       0.827236250607987     
  1.705767418514993E-002  0.130609144761126       0.271041427579515     
  0.203638331471752       0.272537685910487       0.585854449784426     
  0.152615748671723       1.099124331501405E-002  0.303987617452158     
  0.716103713516719       0.844458530279393       0.872404195754955     
  0.673602214743168       0.682207352292030       9.012461402155503E-002
  0.900351172349764       4.070888654468575E-002  5.088948507906102E-002
  0.381232713110905       0.906589022990782       0.355340241971809     
  0.839058445755073       0.640684732392749       0.555528107632227     
  0.782971159991514       7.742369341266643E-002  0.721303966725574     
  0.805297810590563       0.625202090194022       0.338285928960007     
  0.348666932612654       0.640967567674719       0.467673519577766     
  0.360540692363273       0.932244176825450       0.648988987618599     
  0.937993566775908       9.310038879926245E-002  0.522176879856279     
  0.643130838255777       0.162403718128367       0.659105382146378     
  0.685257758136166       0.148948838302391       0.292295938795914     
  0.754760469849679       0.959766775439531       0.465110118972434     
  0.156902899955441       0.389077729360721       0.742843343484668     
  0.955645339207275       0.847813861085323       0.343864808517869     
  0.888468124419320       0.890111653274140       0.616883474836093     
  0.674073202430782       0.118277549019582       7.393200197803949E-002
  0.489719497852720       0.802985152752979       0.918894906917265     
  0.618551350686003       0.307433043380887       1.563343760667072E-002
  0.370362316871361       0.848843276466157       0.158367227118598     
  0.319931936867911       0.574779153606087       0.102376334813159     
  0.518745372413160       0.336328522281273       0.225605233097891     
  6.034865722349265E-002  0.146567993807209       0.996202062960451     
  0.880855101140948       0.221093031625239       0.538819347681385     
  0.279881955972656       0.874224302011817       0.846643606775156     
  0.650732500157891       0.898677764252191       0.996300293313759     
  7.722450872856410E-002  0.474748679100447       0.211718118908949     
  3.374920300250700E-002  0.237898077457814       0.253553535876644     
  0.971842015642293       0.761763930924618       2.499593427409397E-002
  0.562140580957971       0.858940219540625       0.498087005719126     
  0.730899758580688       0.746148959978331       0.392381631463832     
  0.914601305797860       0.291603154211430       0.205447982074961     
  0.934623422184335       0.620808452914553       0.234270493675436     
  0.222003690932409       0.176593789114550       0.368996641357161     
  0.495618556967720       0.677668136452369       0.777044347799167     
  4.936683589631477E-002  0.148718413680307       0.988456056938500     
  0.212277434058342       0.431464597545207       0.891496320603471     
  0.595315672817583       0.772283492024066       1.071087045824778E-002
  0.586119936336805       0.875490944852169       0.747708005651990     
  0.565751140430084       0.346031404782547       0.850933129325022     
  0.143960491344345       2.511965464355766E-002  0.412974805771641     
  0.543702922959078       0.481963038117059       7.953314212727566E-002
  0.532073263476249       0.882464166864313       0.290179653599529     
  0.175740460750073       0.186114971864783       4.090068741206099E-002
  0.781529723553695       0.343109632699688       0.507771384575978     
  9.849525781737833E-002  0.843855942340814       0.257139053395774     
  0.193873292324427       0.536453929910232       0.762470093883054     
  4.670290147173379E-002  0.966584830872910       2.773709049322265E-002
  0.106995528230867       0.288342859062143       0.543201226314853     
  0.179712658945299       0.587681054463742       0.879660875458044     
  0.136938219424351       0.220098926438689       0.321105913189347     
  0.960420799417551       0.351910947398247       0.347238589381139     
  0.996844341286637       0.190751898302145       5.922583548774062E-002
  0.714994860256184       0.870864351555191       0.622305063917427     
  0.516415435562132       0.812392859637724       0.253855142710726     
  7.337823107508902E-002  0.164775637329370       0.908590215464994     
  0.519225496749426       0.868934790922212       0.882669256870523     
  2.388206170320490E-002  0.878184217376109       7.456084735366297E-002
  0.545542916442604       0.484650082416049       0.694819272026394     
  0.921525331543148       0.118331919273949       0.215590047220950     
  0.582653797142322       0.174649454479478       0.970362094322470     
  0.469104392855156       9.958133399384898E-004  0.154066500802189     
  0.561178099500543       0.464333819347409       0.459052611200902     
  2.324500659403790E-002  0.343777662372253       0.675440891818865     
  8.021185865300908E-005  0.987073200521255       0.624617406571300     
  0.768111545060467       0.317600065868094       0.575544992643667     
  0.336215946547369       0.346424022240921       0.504276058297441     
  3.764259340210295E-002  0.332878475509348       0.333500889567949     
  0.763556481336948       0.652113232779616       0.724854666020942     
  0.462638739426181       7.544265239432410E-002  0.923260492480824     
  0.433067545828802       7.579520417472628E-003  0.215705151401403     
  0.283579253920245       0.262277842585395       0.566478078165284     
  0.274576082002755       0.817571086477289       0.570765318927721     
  6.294921236919371E-002  0.294176523547015       0.428012105760484     
  0.133543554309251       0.792250425652066       0.942000937177542     
  0.850507530172513       0.462926495001729       0.831604378385594     
  0.734374420737682       0.858856315739118       0.644274953828180     
  0.813392947437841       0.762744355284667       0.965263720907098     
  0.672556006875924       4.809862887783796E-002  0.757720420049080     
  0.671458067421540       0.402712603480991       0.133785857895029     
  0.190474235541094       0.447226978819371       0.149956909319239     
  0.195739158073817       0.384774327531948       0.794866025219108     
  6.833388730225484E-002  0.918833017874007       0.486489215177349     
  0.984458322740296       0.169979975704319       0.962095384188219     
  0.749548653436745       0.802721886540143       0.263525203849481     
  0.106506488676205       0.972499284470123       0.502598245213482     
  0.396361173403654       0.495556608511071       0.300243956808508     
  0.292650423783639       0.259759805657411       0.936564448151826     
  2.319377927895382E-002  6.396686594972582E-002  0.128753511494444     
  0.855434437248102       0.669958449383184       0.243441994312498     
  0.794038822301645       9.706840193573385E-002  0.519791499981236     
  0.828253499288029       0.211896881332340       0.529598414891993     
  0.487867378232969       0.226250383121518       6.431161491619750E-002
  0.932753010862570       0.797313127236643       0.139130523440327     
  0.652502157070003       0.256855790079612       0.897216662683195     
  0.327472618548237       4.291994746415954E-002  0.634564606407818     
  4.423006929818030E-002  9.431148788245523E-002  0.728783053665805     
  0.266823749830538       0.926985602669691       0.145197042262239     
  0.291441363456717       8.127208297866997E-002  0.674640106340219     
  0.994858644312649       0.745833597174430       0.654070255900355     
  0.469281336416646       0.154184340243784       0.432219642806375     
  0.363044487220632       0.951458188418956       0.470695683840918     
  0.259040206619372       0.417873148709879       0.154822364272131     
  0.147030055726983       0.139915619005162       0.839501171852440     
  0.873276464046905       0.991629415617253       0.528047750334320     
  0.842479940430316       0.484427670051090       0.775957228913349     
  0.157531240077480       0.654873996601664       0.452111301247514     
  9.012071991795113E-002  0.787755312595716       0.983384443793981     
  0.812075794187674       0.610118027118021       0.372735310106265     
  0.301796804602497       0.220205464677203       0.164965894152614     
  0.688825295455423       0.456062727603763       0.514737911642745     
  0.548894957875406       0.755149596902295       0.325830645794536     
  0.908169294542576       0.111739030190135       0.247700029752794     
  0.723985584512503       0.626656093826602       0.943997206004304     
  0.381095284865009       0.908594695398215       0.409876248923335     
  0.632861762108804       0.976826088034832       0.784850841279336     
  0.741071773943656       0.780807465963896       0.736544230455753     
  0.954064335782842       0.307728268659638       0.535708433928738     
  0.240923721283467       0.691794741849427       0.491738416608042     
  0.506910551345327       0.274725651939866       0.211172855099993     
  0.847840756600289       0.952559597826348       0.165425077456864     
  2.779318905097338E-003  9.974643986281768E-002  0.485747096670750     
  0.802453326229672       2.494000927798743E-003  0.852848250258822     
  0.896536649960238       0.997938587900106       0.118120415152152     
  0.130672993997259       0.511911690964122       0.177684958632688     
  0.168856837358010       0.240751602435805       0.767674609530505     
  3.053392648695513E-002  0.890266224488319       0.666575934554631     
  0.512579763738074       0.812182140934070       0.932162384315590     
  0.880131038368048       0.716339740057637       0.879827302974047     
  0.261422479743667       4.762363365929142E-002  0.388907481027330     
  0.380218999199174       0.742249245757090       0.626528708145676     
  0.947855151899282       0.934220435524230       0.647795532873675     
  1.333859276606784E-002  0.923549633565011       0.538235900966228     
  0.184871305836442       0.740478908369703       0.184044821766647     
  0.419823858669289       0.318929423208089       0.583168494007501     
  8.441814576276088E-002  0.836155828857474       0.705605151171885     
  0.301021228969903       0.324196813795528       0.110497836814915     
  6.252026160570910E-003  0.157920371975191       0.314109082072316     
  0.912604823989266       0.502039940086193       0.440714779831124     
  0.821851300028704       0.322453694601434       0.386104298250415     
  0.268324408317289       0.940034935217120       2.187605048529427E-002
  0.313132916140707       0.723292786263392       0.671607365969591     
  0.829521065273851       0.440965722841856       0.771970986096512     
  0.402302532447170       0.697334922021740       0.681190331481436     
  0.510544059511751       0.912094279702968       0.635410946776293     
  0.534377128403278       0.375891563045007       5.161549653634900E-002
  0.827103456163106       0.520939921384974       0.345830092151406     
  0.526397077980344       0.538071526800302       0.757602670915286     
  0.401597262170053       3.249681523803540E-002  0.324692122537017     
  0.727118189372173       0.659817601434224       0.891185312766486     
  0.413042437408105       0.179926089039410       0.279074911105159     
  0.574218302739029       8.418921425341974E-002  4.440881299256431E-002
  5.781694865750170E-002  0.702302296088462       0.608459520509035     
  0.416776042096251       0.652647767508590       0.557491397032181     
  0.348503709445016       0.707785602090229       0.402970720319842     
  0.290653797503316       0.937933282185246       0.603148018587302     
  0.426844645276681       0.413328620988758       0.139610704989181     
  0.940993690237040       0.987530833306463       0.394462684233826     
  0.180334121302786       0.599847246082518       0.562118755565875     
  0.899999433438718       0.543810624605198       0.436714871715373     
  0.476767213682749       6.718872248964310E-002  0.303734321765381     
  0.379763519881220       0.634691550991090       0.860896541261821     
  0.758703223619238       0.461096980188828       0.815126863277303     
  0.137859600269452       0.921611796287711       0.552454705047200     
  0.489365085258695       0.127184131324993       0.271714916121743     
  0.601539824773436       0.231841164319116       0.903846780203389     
  0.538749848776420       0.583695181102331       0.950690499652784     
  0.591739729347188       6.635347829192199E-002  0.196882501876701     
  0.982994102266237       8.752783481482017E-002  0.802846715735057     
  0.643440664183434       0.417195367397005       0.694685232597256     
  0.658067265587804       0.395795926879753       0.123322792316978     
  0.503671502923291       0.623968413364999       6.279950391447953E-002
  0.225818451446390       0.439762118227526       0.144503808569932     
  5.814011119095579E-002  0.882361525135320       0.768881341182340     
  0.860475369192750       0.754540102289358       6.836777915909444E-002
  0.196563076161436       0.445391045804945       0.374415538212217     
  0.455958596928347       1.383251460747824E-002  0.682264329465190     
  8.204961680013173E-002  3.849732426353995E-002  0.123379308917862     
  0.641376673140458       0.185453961977920       0.989204372335240     
  0.966242897289039       0.488814614070433       0.957473557785460     
  0.326078808979233       0.722358011339358       0.242409648882743     
  0.989612833849626       0.614361539547345       0.186657133313511     
  0.662494899046101       0.284191820567218       0.131349728462295     
  0.113374702482866       0.580347554293755       0.807153887779357     
  0.593434936061019       0.727404467645603       0.928219599479771     
  0.333862725010782       0.252535493956773       0.656820482253725     
  0.926446571709350       0.367840101669971       0.378475128150583     
  0.808200209056985       0.756904076582901       0.193750002090175     
  0.918483103396167       0.199303057134629       8.505025850070039E-002
  0.861389815326804       0.554672272521570       0.403904180097213     
  0.356233066712215       0.555528883301973       0.427789860889455     
  0.325054772790089       0.424503318622511       0.637792993620006     
  0.929390331916295       0.262036896097373       0.953477687940144     
  0.618185333868129       0.591561804493232       0.868986629365072     
  0.852594232178939       0.167207946762710       3.402502049446677E-002
  0.448049183300855       0.706629072156981       0.290422601131116     
  0.557212613629838       0.234199336592203       0.816852787618229     
  0.213814215104895       0.475530031860020       0.817181024371264     
  0.167635375154715       0.771583440315985       0.362658643651082     
  0.414798987119127       0.524912142710816       0.700762323626732     
  0.114416892829320       0.336214727393455       0.394300039101522     
  0.711100324318734       0.561477779763604       0.789754150703089     
  0.463051116891446       0.606161399585739       0.738852418657328     
  0.111960351219660       0.465377821958897       0.975391822774982     
  0.303693027285510       0.373690460979571       0.797362279143718     
  0.164051524531144       0.569339378441926       0.130603478938282     
  0.311566730532419       0.829863402062189       5.920811611388299E-003
  0.392544226462709       0.494076334025967       0.874099092105538     
  0.341325774465399       0.222531794751500       0.838461710236467     
  6.819511613355385E-002  0.268326926826959       0.298917212731940     
  0.882529537008418       4.425534287607741E-002  0.918821091714672     
  0.119602573337263       0.943278228743272       0.318261053541805     
  0.894166597121359       0.376928672910400       0.977278926601484     
  0.821164365577465       0.712904776368027       3.138402244420285E-002
  0.228235915085103       0.855681797277950       0.204300344490041     
  0.630920836931721       0.284624040527946       0.745074744965928     
  0.722929599047419       0.527300187825957       0.550889845825197     
  0.755553935731593       0.313153919410572       6.647673850487983E-002
  0.575390239982351       0.387828222526219       0.984210215565227     
  0.243807369618197       5.887591766157514E-002  0.101925004783966     
  2.423957735595000E-002  0.615840760895098       0.198473958989585     
  0.747842130480083       0.688262428513365       0.422603023820236     
  0.608862336118684       0.251144556825278       0.906590644531485     
  0.679115553541955       0.412350313151044       0.897354685304149     
  9.571171967177028E-002  7.585227774594439E-002  0.188010261342859     
  0.609394094397667       0.121713131043631       0.542576863195214     
  0.263777285767938       0.331374937154538       9.084334490341804E-002
  0.253211210250318       0.501641071709883       0.410768294194181     
  0.292937141488875       0.591187807485426       0.256478745509932     
  0.869620203747584       0.301730324698846       0.717244331174576     
  0.233822718936912       0.510147075910589       0.471609119234973     
  0.236526290912860       0.610138645723945       1.714072039655745E-002
  0.703675269404783       0.547857213945648       0.572562221504684     
  0.803323757279957       0.201409161192692       0.226944852443280     
  0.944062411149094       0.425480498997235       0.690161592129817     
  0.396912418828645       1.234359856036738E-002  8.356358630348279E-002
  0.600991805050392       0.122175220490084       0.789926549881618     
  0.972499447116187       0.988622909245698       8.140504585303470E-004
  0.387124629899218       0.642978398658807       0.331238149797163     
  0.833921969477663       0.963807121489705       9.841272390822549E-002
  0.445321383026012       0.311755782479255       0.167202691958019     
  0.583683868745553       0.807481358522345       0.111936442647445     
  0.409341665338731       0.292531368918963       0.669691357954124     
