  0.463109619684627       0.638374372856625       0.424558647310050     
  0.837474849523048       0.224774416154830       0.678701032889388     
  0.441711377091181       0.699751279834969       0.182185347004371     
  0.606462604201169       0.950278995475485       0.719926449280983     
  5.144812702605161E-002  0.219760215671329       0.989127116232320     
  0.941988829572585       0.880743652953189       0.928833075765266     
  0.772004268859130       0.509944798157310       0.259442543925270     
  0.756258648900416       0.158575189333146       0.647504397619028     
  0.575746734912298       0.933889305400788       0.950835760386488     
  0.522445408170997       0.589873818644539       0.439744136305741     
  0.283707034555211       0.294222552990044       0.404958179349342     
  0.156641816520003       0.675936631241294       0.404698911057630     
  0.597463132664186       0.873448105933564       0.215453684294121     
  0.220676946420041       0.716961280659765       0.482931505258572     
  0.937870699513611       0.125649794334969       8.840527094644356E-002
  0.709105159253356       9.910722985143760E-003  0.879808902645451     
  0.709513410732327       8.776005507086322E-002  0.785722134707809     
  0.555411571836496       0.111187886768656       0.864893433030066     
  0.291894179264488       0.899912246590832       0.131918065834853     
  0.260621201522998       0.318146278840402       0.305595630979639     
  0.115470898447944       0.825128474208993       0.313599159174031     
  0.677200673113580       0.959508494125233       0.520769887146734     
  0.677723576435728       0.267599393562695       0.661068257386166     
  0.628379695953179       0.625927430500349       0.829493293573710     
  0.375149165086199       0.168007623831674       0.615868587952812     
  9.421655474059108E-002  0.795657753519189       2.118460233421837E-003
  0.173684270550911       0.620800406803945       0.570024418442887     
  0.914302201433967       0.411530067208560       0.271627811665729     
  0.819868488714567       0.459103853810741       0.483734128095297     
  0.468766202223138       0.502506273334018       0.373630685088720     
  0.863023184077500       0.575137664480761       0.536157586859567     
  5.356077353650667E-002  0.289602593729170       6.925765519238238E-002
  0.372321483539993       0.963726957835311       7.556238081153489E-002
  0.362587505284513       0.434126174627872       0.596744176180517     
  2.384055791010062E-002  2.564700952004944E-002  0.810267662869996     
  8.201342758538678E-003  0.191950319461719       0.146035744506859     
  0.979923482876803       4.928902622316576E-002  0.710276539186042     
  0.964967750035016       6.735254887310212E-002  0.756091278766779     
  0.157310062916320       0.733997072841082       3.446076819543781E-002
  0.421308177738659       0.577622266345912       0.959455571991544     
  0.243560796579300       0.372136596160043       0.890464424627699     
  0.176543257765980       0.347430507638879       0.194798462880594     
  0.526308139544753       0.416438362927521       0.868918064782963     
  0.329199948247186       0.847875232484453       0.227765659091791     
  0.910901352001897       0.787899092941981       0.364248172159964     
  0.821863557088705       0.780699045759262       0.557432372963822     
  0.644023127725907       0.428388442829590       0.669029519933010     
  0.394137349977143       0.458862103153394       9.922575027717166E-002
