  0.821546661242684       0.734558807228577       0.558093393791394     
  2.156548460682086E-002  0.834962686431336       0.535243207154963     
  0.151402176793002       0.496539758446181       0.775669459133090     
  0.484433124517545       0.601204186236052       0.415915988493142     
  0.249718694558613       0.410386883339787       0.609932991167906     
  0.900857100682687       0.622091403722209       0.233351951690088     
  0.872099461144838       0.905681634347438       0.427115901144810     
  0.505291174680317       0.590222363976191       6.291872199071617E-002
  0.742310132772953       0.207895149092035       0.670283883431247     
  0.745439523440196       0.683938020623228       0.791627176093878     
  0.289734856321325       0.927104130166546       0.344562165505853     
  0.668737136783002       0.296312615133282       2.794861717149760E-002
  0.373730198195947       0.755782385064193       0.839649000168902     
  0.531724580414601       0.192789223258562       0.732408811368028     
  0.116774418888037       0.167879112352497       0.880745844339246     
  0.545023041564831       0.758475315046581       0.311559343086672     
  0.844324918002703       0.727574642821993       7.873915552349639E-002
  0.885592923811018       0.994619995406832       0.127879267943375     
  0.335563547848092       0.397021918920243       0.885653560780326     
  4.360382711007552E-002  0.794929479307937       0.900189667583211     
  0.433215351533769       0.114057971333370       0.596062703660978     
  0.632855581483348       0.529758738778349       0.337743071196869     
  6.707990939435536E-002  0.588990879084457       0.625860441347965     
  0.387091338317841       0.771789325993140       0.364464276359801     
  0.895370524629953       0.119704777484772       0.786437743406783     
  0.227456444614986       0.329868637907803       0.684426125333475     
  0.142407466304199       0.578195189262533       0.259153440551886     
  0.593797986974293       0.502197328148696       0.949888480678827     
  0.608952849393061       0.809879278954472       0.525208697005908     
  0.762767086229902       0.213827530416781       0.609028117067493     
  0.487206423780928       0.507708063243656       0.832570585871162     
  0.426418277283810       4.930372710688665E-002  0.968896894701125     
  0.811697822821810       0.466085609629562       0.163836750735343     
  0.128652984320168       0.364408166277894       0.883442577122135     
  0.438641509873811       8.417439165094202E-002  0.370936287855940     
  5.404081302861811E-002  0.641383978673476       0.802727025150827     
  0.697856453850963       0.185667144795291       0.126189998572278     
  0.463944575568831       0.557196238927099       0.683111712358852     
  0.623419886023111       2.436924319411448E-002  0.725306012725610     
  0.116481597705098       3.052098747759617E-002  0.158549629815038     
  0.534691063082406       0.557203703648281       0.951489220319620     
  0.956212644211719       0.916236548248863       0.326961642259636     
  0.969363893872309       0.639313889708666       0.712659246510775     
  0.182577938538716       0.487666433042463       0.494321466839442     
  0.198964314293361       0.781877672189608       0.330622784496459     
  0.570746367643720       0.659740148512011       0.194226513582433     
  9.323034238789314E-002  0.318036504230096       0.743805711037767     
  0.250867658279574       0.669342716683497       0.465013789616826     
  0.255697855433318       0.239526596442870       0.292585421046958     
  0.849399372227914       0.459705968569936       0.620095436641189     
  0.963856272832003       4.017308747367830E-002  3.317154442486384E-002
  0.705249048810446       0.478213763521164       7.733696483826610E-002
  0.282377499759786       0.339081176178730       4.748049666136978E-002
  0.437430028494897       0.438723510443906       3.570137953793923E-002
  0.101971809985930       0.420661374346140       0.188040733525610     
  0.136488917370388       0.542706702180041       0.233085896244532     
  0.773543768611782       0.855718639115060       0.533941702444047     
  0.869234246909126       0.104876881599267       0.991324863089444     
  0.350119064321480       7.983427854643281E-002  0.441526310971906     
  0.369987803962832       0.582415709868367       0.780307284701660     
  0.584447384556284       0.824719541577532       0.232708512090251     
  0.785021206263839       0.744169104949699       0.591200659559252     
  0.457192238454262       0.711335300728702       6.529604840568679E-002
  0.684747011176273       8.348023253499076E-002  0.109485219329787     
  0.479951707155030       0.145732690686202       0.247352234613661     
  0.643016840878526       6.893488238659273E-002  0.851414617469808     
  3.167549971489896E-002  0.679332373994975       0.399007164235489     
  0.200711320643607       5.234940142669501E-003  9.214248298254978E-002
  0.170123721621806       0.955876411453453       0.480075986440552     
  0.938499391065560       0.950305649157119       0.638711495528976     
  0.786055967422395       0.798180636730898       0.920437451593272     
  0.992598976780761       0.720378717300463       0.757438693609987     
  0.392644470607981       0.971961549369010       0.408915598135397     
  0.411002762465003       0.388435005499604       0.372123509647715     
  0.642284183262197       0.524426916322460       1.112453619787944E-002
  0.856762092400340       0.310470769706159       0.513159987320348     
  0.553601429015333       0.876515971803448       0.353413220962056     
  4.869785161836900E-004  0.165559794038439       0.429906904764973     
  0.679217463892168       0.653938109281857       0.316004712304189     
  0.301314588597898       0.380125084517182       0.178681729979496     
  0.941248980136752       5.446937033159786E-002  0.457866377371196     
  0.977623899363159       0.412295492215812       0.203835776054021     
  0.854942498746196       0.366707167130291       0.860204484674947     
  9.154327300250498E-002  0.217004348733602       0.251221476674274     
  0.651909765027631       0.364024625499314       9.010727421349819E-002
  0.334456027051277       0.892089165944806       0.712691798935607     
  0.764087487755261       0.295214112752055       0.666291045606033     
  0.652446651801235       0.175945375459995       0.577731388672167     
  0.901740048508257       0.846926367668770       0.203603515045963     
  0.770876825532751       0.813925364370930       1.478275625490292E-002
  0.328328613157853       0.991461421071493       0.514277380703014     
  0.293473399357090       0.243598994570366       0.270451055934353     
  5.233468771232450E-002  0.225437289123009       0.109937488214180     
  0.357423003603044       5.163508658364869E-002  0.954230425353356     
  0.522429716441987       0.691184964856891       0.269364424539912     
  0.925088229608163       0.430900212833326       0.834092250947843     
  0.309577578915512       0.162371023400206       0.174549911368478     
  0.241208365205822       0.873210435666052       0.288461681077201     
  0.403702174842644       0.269790298244653       0.143693710340118     
  0.155660687909315       0.264458911802070       0.525473869067838     
  0.922452583608744       0.898875933992885       0.810189695559613     
  0.805848363548759       0.977597336886928       0.555984097636292     
  0.727239383955505       0.474489298869671       0.758213279461775     
  0.826779502510233       0.828441068294352       0.824728978467398     
  0.512326149554424       0.441646109493777       0.907254588001609     
  0.616432031786334       0.859034833626206       0.469941108713968     
  0.232262238812242       0.312828935951945       0.577860549477205     
  0.473158247499923       0.931782096987622       0.916880825231872     
  0.998114397856301       0.949259889054790       0.635588406640415     
  0.720665736971522       0.945037417708451       0.749363005586999     
  4.201811729357594E-002  1.095535797519308E-002  0.484350407457710     
  0.279041283916514       0.143879436317839       0.877368248242957     
  0.215164027501260       0.543368165455245       0.993964809292350     
  0.330192129156549       0.131686203281077       0.144814895540560     
  1.181022713138015E-002  0.605423481873303       0.699883119287594     
  7.244807944561327E-002  0.333351891720675       0.437282693705910     
  0.711154074249738       0.252459849410464       0.968919214599454     
  0.551537914217774       0.278577482736310       0.393566452071881     
  0.583192591903725       0.626022377187213       0.941906441689594     
  0.197724259495468       0.701752359723464       0.654693314512646     
