  0.350222562347557       0.874388532266230       0.436807615913170     
  9.571654244811470E-002  0.532175256347500       0.821154592275277     
  0.512033951235988       0.324252279459866       0.532743517102460     
  5.316702112607172E-002  0.995723916048983       0.680946666615266     
  6.414223289573992E-002  0.517584694002971       0.284577663249480     
  0.161457404142260       0.584237994410338       0.349197233457733     
  0.764698758988597       0.569761636787596       0.492024338805808     
  0.209829520148950       0.264162531544810       0.862664632390626     
  0.756328038119973       0.888591402967377       0.512586122218224     
  0.449983245248042       0.124905770863164       0.542571832245785     
  0.152955735622019       0.269995393767036       0.642098979441439     
  0.963640987511850       0.374624235729683       0.564308370520961     
  0.643715274897537       0.895916383082778       0.626595101200411     
  6.883902640821335E-002  0.738101342304923       0.128402397661297     
  0.196434727467706       0.190459998772909       0.957675405807895     
  0.108469232058124       0.685926785507127       0.237668930280460     
  0.990369316928717       0.430247005874185       0.971973989411504     
  0.697145106822478       0.800055453388494       0.275520757678494     
  0.672823908680355       0.125713443192301       0.121601950738614     
  0.703524657015584       0.543909864486918       0.189279065870976     
  0.103814148563840       0.222982596060792       0.502081304240634     
  0.936529509560165       1.690196271061200E-002  7.040296014226630E-002
  0.256775872452055       4.944438239568372E-002  0.718575612272222     
  0.180038613317741       0.392715853117163       0.381598739768645     
  0.727326402940059       2.363968777976973E-002  0.790791653514541     
  0.599450223049824       0.922962398215446       0.970495482670889     
  0.341520881244878       0.169375382143171       0.144844432922147     
  0.781327373550849       0.657598241155896       0.462815350374923     
  0.798593947076686       8.490482553727172E-002  0.602765076663792     
  0.507262513892664       0.503639109667031       0.251879474869596     
  0.218468518718764       0.793021853938611       0.232167304551390     
  0.346785286153818       0.698230462722977       0.433572230214056     
  0.978965538549496       0.342108676535197       0.726363790997686     
  0.575066293347355       0.980815563375000       0.977044640647024     
  0.569044499074359       0.630050344363938       0.198616250643231     
  9.157324460165273E-002  0.471935552487071       0.320227736234649     
  0.609467379766412       0.160899639237501       0.845705520384029     
  0.738188693954071       0.416068752223327       0.603277190963154     
  0.627775545668001       0.740236670123410       0.594109666222233     
  0.808807857588695       0.950851960821547       0.244034239148867     
  0.464072240316258       3.866714701023177E-002  0.915445920915896     
  0.586043455500521       0.623667441709544       0.162028808848207     
  0.364523958096312       0.295406470251103       0.423402366746736     
  0.525213742512858       0.169169006881317       0.896761746840345     
  3.035420746191846E-002  0.837021709354787       0.540244585038038     
  0.279275176755103       0.640165323184704       0.481822006290310     
  0.294117199221680       0.204821510125028       0.474074071648669     
  0.551705251676831       0.937158202068611       0.470554964325673     
  0.180148278618705       0.947025435413942       0.310541255488702     
  0.426831602782793       0.305997412865893       5.776161762439713E-002
  0.680690174546258       0.692207293652181       0.778785761425641     
  0.139700360372505       0.898518044492793       0.787602660335671     
  0.419287410360690       3.512727087720012E-002  0.457054189923818     
  0.432052026543030       0.833249985871706       0.499817025192886     
  0.868267839202550       0.645946405047629       7.881767280882272E-002
  0.546029159415426       0.813464937201066       7.950433199294726E-002
  0.263287772835316       0.278372495381626       0.891007856819274     
  0.219225161356141       0.238532875154703       0.657879241200209     
  0.399026615802706       0.368434644946390       0.550001951406718     
  0.386334536094888       6.965177309829251E-002  0.821644949920875     
  0.487950849168734       0.685839528764184       4.946396149039338E-002
  0.636452913469511       0.708779043415320       0.803339987008844     
  0.716112465531920       0.524007565136859       0.757467437344582     
  0.233164306001158       0.842239829820621       0.961352138905720     
  0.118874863271700       0.352290112505962       0.707600409394467     
  0.304395729551184       1.010279276914073E-003  0.207303358304928     
  0.120303208347086       0.511349465386705       0.211509268862150     
  0.455217048959381       8.690666513376767E-002  1.659065433084364E-002
  0.888403642964521       0.583798097757194       0.610091298065878     
  0.487703767593249       0.961749477831390       0.624841628360205     
  0.554789216083197       0.144629005565197       0.649684691061646     
  0.765793378516375       0.325854872870756       3.467642652718654E-002
  5.664043094492682E-002  0.113029869170407       0.798221726752401     
  2.264606150399358E-002  0.297610247484885       0.556700652064292     
  0.408103851769169       0.990630199878769       9.351390909402582E-002
  0.564736659529864       0.102096155682261       0.360716395469616     
  0.465722401671350       0.390816983770927       0.747793961846992     
  0.671893865908880       3.723141499525044E-002  0.929506280055168     
  0.432119177367584       0.711046246715541       0.411212009097718     
  0.520204335188461       0.581725159852715       0.640620316604507     
  0.900823543938062       0.447125698636548       0.156903577730988     
  0.681404376963569       0.792856891808787       0.703280228151690     
  0.248445831210236       0.805902704644288       6.652616471385629E-002
  0.899077914934956       0.402923493766657       0.268889784350150     
  0.950513731038262       0.985328392473141       0.879059875803876     
  0.123944888758233       0.494683554653758       0.111557960118482     
  0.796182330879492       0.640482780383400       0.895046930339737     
  0.344126316351793       0.967931642991311       0.883207143817496     
  0.448339862807663       0.665518483683651       1.804393618288470E-002
  0.659570362731316       0.610457091527098       0.717228047412350     
  0.819502786798310       0.309631471134146       0.288244954998807     
  0.375276905686639       0.321384917916305       0.654173814352573     
  0.740480585185510       0.107087732635763       0.247244381482632     
  0.981334833241906       0.147267810819230       0.782631167070147     
  7.862378640530479E-002  0.406855753113804       0.364891015284656     
  0.330256586986735       0.487239299851064       0.324882098652429     
  0.203787644150405       0.191309252222013       0.116151038949061     
  3.409874843111759E-003  0.602341178070272       0.293432054440129     
  1.131618948610550E-002  0.608411619928081       0.400511624865689     
  0.393099824537712       0.560084595262038       0.581586601150292     
  0.917387179204649       0.395524703804396       0.815545791091799     
  0.316846243635493       0.675125902910174       0.749815065773342     
  0.907273274126746       0.857506366662964       0.354301361404110     
  4.434059774637529E-002  0.222002599746337       9.419141533412423E-002
  0.577632536155161       0.776171171428901       0.683457317392674     
  0.268140616696242       0.257217753049571       0.134641339782197     
  4.384468910287410E-002  0.823163921923339       3.380008966941431E-002
  0.198868628788790       5.877551054931753E-002  0.369378675041591     
  0.159594521122496       0.963654814719531       0.447154701756676     
  0.170758346346832       0.459053431324356       0.528343805263494     
  0.376545081511353       0.253613858302285       0.269548620854423     
  7.838419769135593E-002  0.132448845793047       0.910049353273817     
  0.176518301289560       0.750021251622552       0.387004040400335     
  3.416298574175457E-002  0.865370292680054       0.199480477735304     
  0.874042163333434       0.761937925010002       0.305478442374846     
  0.498729942282174       0.718985271442493       0.942198829049778     
  0.490924863744631       8.118183360771235E-002  0.259514334343887     
  0.820806612603457       0.735457138151120       0.726196031629421     
  0.843232577570943       0.851648882045175       0.835988754723652     
  0.761023750594224       0.280501866472012       0.926703595676878     
  0.828978862666449       0.555617681796461       0.141572071349065     
  0.859509580237438       0.156774562939591       0.297808740670605     
  0.302506746471261       0.730663674508427       0.997041268394297     
  0.717991243190154       0.421984089390974       0.759599689121020     
  8.803080396166747E-002  0.966758419488957       0.951169339456531     
  0.243110014493652       2.468563690596022E-002  0.449117922637898     
  0.938484092673965       0.927803972136348       0.219754922072932     
  0.854775504019013       8.197566972638308E-002  3.921149710027227E-002
  0.590240818212842       6.564541977329050E-002  0.766213379851991     
  0.652372246495651       0.515081100677165       0.146679386426055     
  0.236955518894173       0.135903468457365       0.938751366708772     
  0.360823051329182       0.360916226793397       0.502352428008177     
  0.511406063921802       0.820070557805097       0.177553616701464     
  0.472071311866664       0.430928481871215       0.513448011707265     
  2.314491527774342E-002  9.198372954575207E-003  0.369826387348241     
  0.257300454693801       0.781661478273619       0.413589908223962     
  0.663257749671564       0.466101874753341       0.660187400674603     
  0.948742045181713       0.205893923114174       0.586539908917836     
  0.527760642277422       0.667066123868903       0.186309809533615     
  0.876600995424573       0.340118163988755       0.845296803961665     
  0.775495712518546       0.427962912622669       0.570873600235903     
  0.735311059872616       0.354077403126830       0.677193707569103     
  0.970726014976831       0.915529602078643       0.339265841566303     
  0.289649953812300       0.181295312847958       0.404166932782349     
  0.849276578460181       0.579831669116093       0.981475400585380     
  0.611059441110849       0.649370657094295       0.988401187728064     
  0.708120850515926       0.242767603526579       0.918962405069703     
  0.992693420185477       0.770252837209773       0.106381193456583     
  0.327610816737041       0.540350570600354       0.572570579969574     
  0.841170204252225       0.853720706336687       0.174908910870319     
  0.535949285879518       0.493468655691306       0.669928025832593     
  0.404765731233750       0.912482836791398       0.836922147612106     
  0.318695396310667       0.453886684734952       0.694615885572709     
  0.147644845643284       0.551418912249323       7.677776986089067E-003
  0.956382944372228       0.378272246429070       0.480617395626169     
  0.621682635675873       0.876229606322317       0.873731145343371     
  0.642431781870352       0.931169551094248       0.831806388183435     
  0.905772092453222       0.755279179842041       0.692216933045945     
  0.279529333754498       0.726169052860240       3.299541539943556E-003
  0.787748338389385       0.881937514619554       0.423327038067349     
  0.597131464542450       0.235176194496171       9.825180761551826E-002
  0.924418550292791       0.199998687917883       0.762290708604428     
  0.131381709489129       0.487253286076532       0.330035358593317     
  0.881146206393075       0.116043082408822       0.343749038774075     
  0.382391384165840       0.301693383799996       0.868557599799187     
  0.971909896207662       0.443228910118369       0.616285161313029     
  0.697231771793079       0.596415815858790       3.805602554306393E-002
  0.830101759414931       0.229244742826489       0.226134767622169     
