  0.346955030985083       3.533434054504765E-002  0.440047111400218     
  2.593153875122339E-002  0.235134369054647       0.907422322802538     
  0.773205773100536       0.703547270406050       0.978944170793717     
  0.849228941831253       0.796197846968596       0.404122212324286     
  0.572999934026223       0.608259435078324       0.418249971569035     
  0.955111080975464       0.572214010496216       0.189165401409896     
  0.499176894413089       1.632536238267777E-002  0.312986453167458     
  0.159080819466330       0.325874410604765       0.570758648373497     
  4.106441590257826E-002  0.237508437290808       0.559746965244634     
  0.617761356436175       0.935504752513489       0.865603228618691     
  9.820950795000857E-002  0.929305551366053       2.438772918227609E-002
  0.536546203649081       0.760518357502981       0.854177687556112     
  0.750057266567791       0.659830381327465       0.527421515164522     
  0.517759016564330       0.549891704782444       0.789394768788003     
  0.444622062053506       0.340647557185461       0.748405378601310     
  0.654362841023426       2.988229111233689E-002  0.107879023234265     
  0.155854090371746       8.492218867401648E-002  0.984912452355639     
  0.911983376635496       0.481666735713229       0.926314927510972     
  8.255403231556994E-002  0.251510770451569       0.870015315101475     
  0.668896828199390       0.194255719084249       5.712954789114607E-002
  0.128478280511192       0.320090409424989       0.400972350478928     
  0.434705840118567       8.801352003043350E-002  0.979882838219258     
  0.923746268968822       6.308264901888368E-002  0.178008792263811     
  0.779626306766581       0.296802594780045       0.337290536336098     
  0.474971141978255       0.390796354529317       8.057307496867000E-003
  0.572194979218750       0.646924763769926       0.467044214877175     
  0.875697523721649       0.167902016823952       0.883452821276980     
  0.809587158780767       0.203790399032757       4.069087169770998E-002
  0.223281190368469       0.357768195116086       0.495138638267404     
  0.392091919400668       0.140950835798800       0.427194913540055     
  0.240537959403898       0.688626745187705       0.116521943214763     
  0.353175096477329       0.264268713160987       0.489911882318105     
  0.542912280181667       0.285420664385494       0.580728190264712     
  0.724560792503930       0.224976395086608       7.400612728610353E-002
  0.958835876809700       0.975820628290636       0.691550930127472     
  0.264668194092547       0.856843658680294       0.249552728399239     
  0.208152980199268       0.760156833812065       0.932196949651698     
  1.048098358625350E-002  0.882085740993264       0.589849078595605     
  0.391423933780216       0.152334459811770       0.291275656443456     
  0.314605429174411       0.625763165781456       0.682749671114870     
  0.715626487226247       0.856694636249985       0.255672135816768     
  0.752019572679588       0.808670146758778       0.366579574187457     
  0.570085098433274       0.395322897505767       6.372953458676157E-002
  0.228672313335238       0.908442293582932       0.513617662676977     
  0.741677954123367       0.959795524471503       0.513002094427237     
  6.342738096377222E-002  0.832485405017663       0.586342338320770     
  0.934946388466188       0.104808375844489       0.133343907242893     
  0.684706152577291       0.492916427390841       0.780680170412747     
  0.786808099739505       0.550087117803829       0.628906181557719     
  0.177734943396521       0.571395167414739       0.623766995549214     
  0.598018037125614       0.867760370273668       0.722622015475345     
  0.601907966139816       0.920721612475687       0.830465638955595     
  0.674864263662125       0.448543198964700       0.893928387227711     
  0.570758351647473       0.425283744887344       0.260993934706667     
  0.711536524748747       0.897687858729289       0.379404137087476     
  0.199901868607287       0.529614620231556       0.632203481853255     
  0.687228608447641       0.529127381738338       0.948903461686426     
  8.999140004357188E-002  0.393636527903966       0.461776656903277     
  0.161936472902313       0.990333457680342       0.452623423100013     
  3.903196151006377E-002  0.313410196931372       0.705272586994930     
  0.630585784543882       0.212994669338077       0.152586333133372     
  0.903034245441546       0.681608405722162       1.636963163712717E-002
  0.415995119698863       0.515693294048868       0.786358124077852     
  0.975134573656822       0.863903546500749       0.963684654003481     
  0.969262497759417       0.328621664677856       0.106705662743396     
  0.336779459826667       0.609048901226360       2.297985182255468E-002
  1.979984693209624E-002  0.108603961392177       0.205645172278477     
  0.859524177546332       0.159882913126123       0.883083871934974     
  0.293884532321624       0.717493405334113       0.474839063964352     
  0.237137737602860       0.777120925847474       9.777847541447666E-002
  6.733473678621213E-002  0.429520596143450       0.673719486792486     
  0.788241609990243       0.678543583854877       0.666407727214663     
  0.873492606647876       0.488373669515542       4.270024714348562E-002
  0.494596251117085       0.960585293307692       0.546814159037405     
  0.111668516792163       0.560549267520683       0.609482318188830     
  0.107763964466874       0.271310349220971       0.216285237228392     
  0.366333158474352       0.597967797735898       0.765750373171360     
  0.278236509587777       3.803935992195075E-002  0.766696385073251     
  0.997108772295120       0.473347983509718       0.537950476449507     
  0.142445222398684       0.970379353145857       0.437572512371922     
  0.907135977365783       0.773844570148481       0.708657688848801     
  0.523281441579617       0.719359756399577       0.281215442882246     
  0.645085885098925       4.140477654359957E-002  0.374062206927421     
  0.880474347723247       6.514009791405082E-002  0.530805676615422     
  0.404899431031646       0.675793659039679       0.220654701326078     
  0.935933618044327       0.988197080286258       0.126006886887314     
  0.519737359552888       0.742598921838210       0.829279478750706     
  0.700604191824988       0.378328376509226       0.940605058838659     
  0.511516292775481       0.824365058349594       0.646627941503017     
  0.179652006274336       0.600738279235156       0.392081054874231     
  0.322189830576517       0.299964255650890       0.232955701691101     
  0.982698025148857       0.447544829704195       0.152717857783674     
  0.812339643053339       0.588530451432279       0.911478323063996     
  8.070867733548244E-002  0.350238553685268       0.746892921807281     
  0.456666519537005       0.627725808915610       0.769747165822473     
  0.399311414257228       0.173657512297610       0.172193970910157     
  1.562243896083913E-002  0.919813304220291       0.283473122829832     
  0.834082284099325       0.108237768839832       0.724783382906722     
  0.834188771539181       0.230775467077027       0.600632557700017     
  0.635234582865778       0.366466606305770       0.202173665442681     
  0.621397556052774       0.411132321077838       0.349254417112554     
  0.369777091359947       7.823617924241447E-003  0.986366528803231     
  0.310867448764473       0.186634641302021       7.970270525639835E-002
  0.415003069262461       0.509403602523354       0.308678171075661     
  0.856354248110001       0.804130655929810       0.813367251626801     
  0.456585097979025       0.439204761214022       0.650449844587603     
  0.263705142787662       0.131077069957988       0.334826671765063     
  0.736456028195881       0.732278876355905       0.806966562000108     
  0.181620558675174       0.798029075007582       0.842586653017405     
  0.295037320569415       8.964634239355888E-002  0.347721824542377     
  0.282443942067448       0.885377949066421       0.193162980736603     
  0.477961104136019       0.703933751720907       0.303562234071734     
